57 0 39.6
125 2 40.3
15 1 40.9
16 1 47.6
58 0 49.1
59 0 55.5
117 1 58.4
120 2 62.8
124 1 70.2
121 2 70.5
62 0 73.9
104 2 81.9
110 1 85.7
31 0 86.4
109 1 93.0
97 2 99.9
108 1 100.4
29 0 102.7
98 2 110.7
88 0 112.9
93 1 120.7
92 1 128.1
33 0 130.6
106 2 132.3
34 0 137.3
90 1 138.0
107 2 140.4
89 1 145.0
87 0 145.3
126 2 149.5
35 0 156.2
127 2 157.9
130 1 161.6
36 0 163.2
128 2 166.5
37 0 170.3
38 0 176.7
129 2 177.0
95 1 179.1
39 0 183.1
96 1 185.8
79 0 195.1
100 1 199.5
123 2 202.6
78 0 205.3
101 1 206.3
102 1 213.7
43 0 215.7
103 1 222.9
12 2 224.9
41 0 226.7
11 2 233.8
82 0 236.2
122 1 243.6
132 2 245.6
83 0 246.9
84 0 253.1
118 1 256.0
9 2 256.7
86 0 260.7
8 2 265.5
85 0 270.6
53 0 280.6
63 0 289.7
76 1 292.0
60 2 292.1
64 0 296.0
75 1 298.8
61 2 302.8
80 1 308.2
65 0 311.2
73 1 317.5
50 0 322.7
72 1 324.1
71 1 331.0
69 1 341.0
70 1 348.1
17 2 352.0
3 0 353.2
4 0 361.0
18 2 361.0
5 0 368.7
19 2 369.4
46 1 372.2
6 0 376.5
48 1 380.4
21 2 381.7
7 0 384.6
49 1 386.8
22 2 390.7
56 0 392.0
66 1 398.4
55 0 399.1
23 2 400.0
67 1 404.9
24 2 408.8
133 0 409.0
44 1 417.3
26 2 417.5
27 2 425.9
81 1 426.9
28 2 434.6
25 0 443.7
25 2 450.1
131 2 464.1
25 1 472.5
131 1 488.4
112 0 491.5
