64 3 58.1
68 1 62.8
63 3 63.8
116 2 64.5
82 0 66.8
69 1 74.2
124 2 76.1
70 1 81.7
65 3 84.9
125 2 90.3
3 1 96.2
50 3 96.5
113 2 101.4
4 1 103.6
5 1 111.0
112 2 112.2
6 1 118.6
110 2 124.0
53 0 125.3
7 1 126.2
109 2 133.0
8 1 133.8
133 0 134.1
9 1 141.0
108 2 142.0
58 0 143.4
10 1 148.2
59 0 150.1
126 2 154.1
120 3 154.9
11 1 155.6
121 3 161.0
127 2 162.7
62 0 163.0
12 1 163.1
13 1 170.7
128 2 171.1
104 3 171.5
31 0 175.4
14 1 177.5
129 2 181.7
15 1 184.5
93 3 185.6
16 1 191.1
92 3 193.2
131 0 194.1
106 2 196.6
117 1 201.9
90 3 204.4
17 0 205.4
120 2 209.0
89 3 211.5
18 0 212.7
19 0 219.6
29 1 221.2
20 0 228.4
27 1 230.5
130 3 231.7
21 0 237.6
26 1 237.7
22 0 247.6
38 2 251.6
95 3 253.3
88 1 253.4
23 0 255.4
39 2 259.8
96 3 260.0
24 0 263.0
97 3 267.1
40 2 268.2
25 0 269.7
35 1 272.2
98 3 276.7
41 2 276.8
36 1 279.0
42 2 285.5
37 1 287.8
78 2 294.1
100 3 295.4
83 1 297.7
101 3 302.4
84 1 304.0
79 2 305.2
122 0 307.9
102 3 309.9
85 1 311.2
103 3 319.8
86 2 326.1
43 1 340.8
88 0 347.9
81 1 348.2
123 3 349.3
43 2 354.4
44 1 358.0
81 2 363.4
33 0 365.4
46 1 366.8
34 0 372.1
47 1 373.5
44 2 375.0
35 0 379.5
66 1 381.8
45 2 383.4
36 0 386.5
67 1 388.0
46 2 392.2
37 0 393.7
38 3 394.2
39 3 400.6
71 1 402.9
66 2 404.0
72 1 409.7
67 2 412.2
73 1 416.5
74 1 423.5
75 1 430.5
60 3 433.5
76 1 437.2
87 0 441.1
61 3 443.2
77 1 444.2
80 1 458.0
60 0 468.9
