10 3 37.3
1 0 38.1
123 1 38.8
126 2 40.9
2 0 45.3
11 3 47.3
118 1 48.6
29 2 52.6
3 0 54.0
119 1 55.4
8 3 57.2
28 2 61.7
120 1 62.1
4 0 62.5
121 1 68.5
12 3 68.6
27 2 70.8
5 0 70.9
13 3 76.5
6 0 79.4
122 1 81.1
25 2 83.6
14 3 84.2
7 0 88.3
32 1 90.7
15 3 92.1
26 2 93.2
8 0 96.2
31 1 97.3
16 3 99.7
9 0 103.8
130 3 106.5
126 1 106.9
10 0 111.2
3 2 111.6
131 3 113.4
29 1 116.2
11 0 121.3
4 2 121.5
28 1 122.7
17 3 125.8
27 1 129.5
5 2 131.3
25 1 139.6
6 2 141.2
12 0 141.3
26 1 146.7
13 0 147.1
7 2 151.4
14 0 154.1
3 1 162.0
42 0 167.7
4 1 169.2
18 2 177.9
5 1 177.9
125 0 180.2
57 3 181.5
6 1 184.3
19 2 187.9
39 0 189.7
58 3 189.9
7 1 191.6
