68 1 54.8
130 0 56.0
125 2 56.4
95 3 58.5
96 3 65.3
113 2 70.1
69 1 71.1
97 3 72.3
70 1 78.0
112 2 80.8
98 3 82.0
23 0 82.9
24 0 90.6
3 1 92.6
110 2 92.6
25 0 97.5
99 3 97.8
4 1 100.0
109 2 101.6
100 3 105.2
5 1 107.7
108 2 110.8
101 3 112.3
26 0 112.6
6 1 115.1
27 0 119.5
102 3 119.6
7 1 122.9
28 0 126.6
103 3 129.8
122 2 130.0
56 1 130.3
88 0 134.4
55 1 137.3
29 0 144.8
118 2 144.8
104 3 145.6
53 1 147.3
30 0 151.8
105 3 152.5
117 2 155.3
63 1 155.9
32 0 158.5
106 3 159.4
64 1 162.1
33 0 165.4
107 3 165.9
12 2 169.7
34 0 172.1
126 3 173.6
65 1 175.5
11 2 178.8
87 0 180.5
127 3 180.7
50 1 185.8
128 3 187.6
132 2 190.8
48 1 195.6
62 0 197.0
129 3 197.2
49 1 201.9
9 2 202.1
133 0 206.9
8 2 210.8
66 1 214.2
120 3 220.0
58 0 220.4
67 1 220.5
59 0 227.1
123 3 229.9
44 1 233.3
81 1 242.9
31 0 251.2
41 1 255.5
93 3 257.8
92 3 265.5
131 0 267.3
83 1 270.1
84 1 276.3
90 3 276.9
15 2 280.6
18 0 282.0
85 1 283.8
89 3 284.0
16 2 288.6
19 0 288.8
20 0 295.7
86 1 297.2
130 3 304.4
21 0 305.2
38 1 309.2
124 2 309.5
36 1 318.0
35 1 324.7
79 1 341.3
35 0 344.3
78 1 350.8
36 0 351.4
79 2 354.3
37 0 358.4
76 1 363.7
78 2 366.1
79 0 366.3
35 3 369.2
75 1 370.5
36 3 376.4
78 0 378.4
80 1 380.1
76 2 381.8
37 3 383.4
