64 0 18.5
24 1 19.3
63 0 24.2
23 1 26.3
65 0 37.8
26 1 40.7
27 1 47.6
50 0 49.1
28 1 54.5
48 0 59.5
88 1 61.9
49 0 65.9
29 1 71.1
30 1 77.9
66 0 79.2
67 0 85.7
62 1 86.4
58 1 95.8
44 0 100.4
59 1 102.4
60 1 109.6
81 0 110.8
61 1 118.6
41 0 125.2
133 1 130.9
82 0 134.7
85 1 139.5
78 0 157.8
8 1 159.6
9 1 166.7
79 0 168.2
10 1 173.8
11 1 181.5
76 0 185.4
12 1 188.7
75 0 192.3
13 1 196.3
80 0 202.6
14 1 203.3
15 1 210.2
73 0 212.7
16 1 216.9
72 0 219.6
131 1 224.2
71 0 226.5
17 1 234.3
25 1 241.0
18 1 254.1
69 0 254.4
19 1 260.7
70 0 262.0
21 1 271.0
1 0 273.2
89 1 280.6
3 0 283.6
90 1 287.4
4 0 291.5
91 1 294.6
5 0 299.3
130 1 302.4
6 0 307.0
92 1 312.6
7 0 315.2
93 1 320.1
56 0 322.4
94 1 327.6
55 0 329.6
95 1 334.7
53 0 340.0
96 1 341.2
99 1 352.9
100 1 360.0
86 0 361.7
101 1 366.9
83 0 371.1
102 1 374.1
38 0 379.6
103 1 383.2
36 0 388.8
35 0 395.8
108 1 404.9
33 0 405.7
109 1 412.3
110 1 419.5
111 1 427.0
112 1 434.4
113 1 443.5
104 0 443.9
114 1 449.7
125 1 457.0
97 0 462.6
115 1 466.6
98 0 472.0
124 1 474.1
116 1 483.9
118 1 490.9
106 0 495.7
119 1 497.4
107 0 501.9
120 1 503.8
126 0 509.4
121 1 509.7
127 0 516.5
122 1 522.6
128 0 523.3
129 0 532.6
123 1 535.8
117 1 548.6
31 1 559.8
132 1 581.6
87 0 587.2
