2 0 19.9
3 0 28.5
4 0 36.9
5 0 45.3
6 0 53.9
7 0 62.4
8 0 70.5
9 0 78.0
10 0 85.5
11 0 95.5
12 0 112.6
13 0 120.4
14 0 128.1
15 0 136.0
16 0 143.7
130 0 150.8
131 0 157.4
17 0 170.9
129 0 180.1
18 0 193.5
19 0 201.8
20 0 209.7
21 0 216.4
22 0 229.0
127 0 236.5
128 0 243.5
23 0 256.9
24 0 265.3
37 0 276.3
38 0 288.1
34 0 304.5
39 0 322.3
40 0 329.9
125 0 337.5
41 0 347.7
42 0 355.3
43 0 362.3
124 0 371.5
132 0 382.4
133 0 393.4
45 0 403.3
46 0 410.5
47 0 418.2
48 0 428.6
49 0 446.1
50 0 453.9
51 0 461.1
52 0 469.1
53 0 476.9
54 0 486.3
55 0 494.4
56 0 503.2
115 0 511.8
57 0 523.8
58 0 532.4
59 0 541.2
60 0 549.9
61 0 559.1
62 0 567.8
63 0 575.8
64 0 583.9
65 0 594.5
66 0 612.4
67 0 620.1
68 0 627.8
69 0 636.2
70 0 643.9
113 0 651.3
114 0 658.1
71 0 671.2
112 0 680.3
72 0 693.2
73 0 702.3
74 0 709.9
75 0 717.2
76 0 729.9
110 0 738.4
111 0 745.6
77 0 759.0
78 0 773.7
79 0 781.4
109 0 789.9
80 0 802.5
81 0 810.9
82 0 818.2
108 0 826.0
83 0 836.1
84 0 843.8
85 0 850.1
107 0 858.4
134 0 869.5
135 0 880.2
87 0 890.0
88 0 897.4
89 0 905.0
90 0 915.6
91 0 933.6
92 0 941.8
93 0 950.5
106 0 959.6
94 0 971.4
95 0 978.8
96 0 986.9
97 0 994.1
98 0 1009.5
99 0 1017.9
100 0 1025.4
101 0 1041.6
102 0 1049.3
103 0 1057.1
105 0 1065.7
104 0 1076.7
116 0 1090.8
117 0 1098.0
123 0 1107.3
118 0 1119.1
119 0 1126.8
120 0 1134.4
121 0 1141.8
122 0 1157.5
32 0 1169.0
31 0 1176.4
126 0 1187.6
29 0 1198.9
28 0 1206.4
27 0 1213.5
25 0 1225.8
26 0 1233.8
