2 0 26.4
8 1 34.5
3 0 35.0
4 0 43.5
12 1 44.2
13 1 51.0
14 1 57.8
5 0 59.4
12 0 68.5
47 1 72.4
13 0 76.0
48 1 81.6
14 0 83.8
15 0 91.5
16 0 99.1
54 1 107.0
17 0 107.2
55 1 114.1
18 0 115.8
56 1 121.5
19 0 124.4
57 1 133.7
58 1 140.9
129 0 141.2
59 1 148.4
60 1 155.7
130 0 155.9
131 0 162.6
61 1 163.3
62 1 170.6
63 1 177.2
132 0 180.8
64 1 183.9
124 0 191.9
65 1 192.6
42 0 202.1
66 1 206.2
67 1 213.0
125 0 214.3
68 1 219.8
39 0 223.9
134 1 226.8
34 0 234.4
107 1 236.4
84 1 245.0
122 0 245.7
121 0 256.4
95 1 256.8
94 1 263.6
119 0 270.9
106 1 273.5
118 0 278.4
92 1 283.9
123 0 290.7
91 1 291.1
87 1 301.2
116 0 301.8
88 1 307.5
51 0 311.4
89 1 314.4
52 0 319.2
90 1 323.4
53 0 327.1
135 1 336.4
69 1 344.5
109 0 344.9
70 1 351.2
80 0 356.8
113 1 357.7
114 1 363.7
81 0 364.6
82 0 372.1
71 1 373.8
108 0 379.3
112 1 381.3
83 0 388.6
72 1 391.6
97 0 395.5
73 1 399.3
74 1 405.8
98 0 406.1
75 1 411.9
99 0 414.3
76 1 421.6
100 0 421.7
110 1 428.1
111 1 434.4
101 0 437.9
102 0 445.3
77 1 445.3
78 1 451.9
103 0 452.8
79 1 458.6
105 0 461.1
104 0 471.8
49 0 485.0
45 0 496.0
20 1 500.6
46 0 503.5
21 1 506.7
133 0 516.5
22 1 516.5
127 1 522.9
128 1 529.3
23 1 540.0
47 0 541.4
37 1 546.4
48 0 551.9
38 1 556.1
32 1 573.1
31 1 579.5
54 0 585.3
126 1 588.9
55 0 593.5
29 1 598.2
56 0 601.8
28 1 604.6
115 0 610.1
27 1 611.5
25 1 621.3
57 0 621.5
