57 3 62.3
39 0 63.6
81 1 65.5
1 2 65.7
58 3 69.1
38 0 69.8
2 2 73.9
59 3 75.8
41 1 77.7
36 0 78.9
60 3 82.8
3 2 83.4
35 0 85.9
38 1 91.3
61 3 92.4
4 2 92.6
87 0 97.0
36 1 99.8
5 2 101.8
35 1 106.6
133 3 106.8
6 2 111.0
33 0 114.2
85 3 116.0
62 1 120.3
7 2 120.4
86 3 126.2
8 2 129.7
58 1 129.7
14 0 131.9
83 3 135.5
59 1 136.2
9 2 138.4
117 0 138.6
60 1 143.4
38 3 144.0
10 2 147.2
61 1 152.5
124 0 152.8
79 3 153.8
78 3 164.0
133 1 166.9
110 0 171.2
11 2 172.1
85 1 175.6
109 0 178.7
76 3 178.8
12 2 181.2
83 1 183.9
75 3 185.7
108 0 186.4
13 2 190.4
79 1 196.0
80 3 196.0
126 0 197.7
31 2 199.4
127 0 204.7
78 1 205.4
73 3 206.2
29 2 210.5
128 0 211.6
72 3 213.1
76 1 218.0
71 3 219.9
129 0 220.8
75 1 224.8
80 1 234.3
106 0 235.7
69 3 236.4
92 2 241.6
70 3 244.0
104 0 244.9
93 2 250.7
1 3 255.1
86 1 261.2
95 2 265.0
3 3 265.7
97 0 268.8
4 3 273.4
99 2 278.2
98 0 278.6
5 3 281.2
100 2 287.1
6 3 289.1
101 2 295.6
7 3 297.1
8 3 304.8
122 0 306.9
113 1 306.9
9 3 312.2
112 1 316.0
120 0 316.8
10 3 319.6
123 0 326.6
125 1 328.7
118 0 336.3
56 3 336.6
55 3 343.8
15 0 353.2
53 3 355.5
16 0 359.9
90 1 366.9
131 0 367.5
89 1 374.0
17 0 378.8
44 3 380.3
18 0 386.2
130 1 390.6
63 2 391.6
19 0 393.1
66 3 398.5
64 2 399.6
20 0 399.6
67 3 404.9
21 0 409.0
102 1 415.1
22 0 416.5
65 2 417.4
48 3 418.5
89 0 423.8
103 1 424.3
49 3 424.9
90 0 430.9
91 0 438.3
25 2 457.7
132 1 465.0
102 0 466.0
103 0 476.1
132 2 486.6
89 3 487.0
53 1 487.7
90 3 494.0
91 3 501.3
130 3 509.2
