124 2 46.1
48 0 46.4
63 1 46.5
64 1 52.3
49 0 52.5
125 2 60.1
65 1 65.4
66 0 65.8
113 2 70.9
67 0 72.3
50 1 75.6
112 2 81.7
110 2 93.4
50 0 97.4
69 1 97.6
109 2 102.4
70 1 104.8
51 0 105.1
108 2 111.6
3 1 119.6
126 2 123.5
4 1 127.0
60 0 131.2
127 2 132.1
5 1 134.5
128 2 140.6
61 0 140.7
6 1 142.0
7 1 149.7
129 2 151.2
56 1 156.8
106 2 166.0
54 1 166.4
8 0 169.8
53 1 173.3
9 0 177.0
120 2 178.7
10 0 184.4
133 1 185.9
118 2 188.4
11 0 192.2
58 1 194.6
12 0 199.9
59 1 201.0
123 2 203.2
13 0 207.8
62 1 212.2
122 2 218.6
31 1 223.3
113 0 229.5
14 1 232.4
104 2 232.8
117 1 239.2
112 0 239.2
100 2 244.0
124 1 251.3
101 2 252.5
125 0 254.3
102 2 261.3
110 1 266.6
103 2 272.5
109 1 274.0
120 0 275.6
108 1 281.4
121 0 281.5
95 2 290.9
104 0 292.1
122 1 297.7
96 2 299.2
93 0 306.2
97 2 307.9
118 1 310.0
92 0 313.8
98 2 318.7
15 1 322.6
90 0 325.0
16 1 329.0
89 0 332.1
93 2 334.5
131 1 336.5
92 2 343.6
17 1 346.7
18 1 353.9
130 0 354.8
19 1 360.5
21 1 371.0
23 0 379.1
26 1 385.5
24 0 386.6
132 2 390.4
27 1 392.2
28 1 399.0
29 1 406.1
18 2 420.2
132 1 427.8
19 2 428.5
76 0 431.1
75 0 438.0
21 2 441.0
80 0 448.4
33 1 450.5
34 1 457.3
26 2 457.7
73 0 458.5
35 1 464.5
72 0 465.4
27 2 466.2
36 1 471.3
71 0 472.2
28 2 474.7
37 1 478.3
29 2 483.5
38 1 484.9
39 1 491.2
81 0 491.5
30 2 492.1
83 1 497.8
33 2 502.4
84 1 504.2
34 2 510.5
85 1 511.5
35 2 519.5
86 1 524.6
40 1 536.9
82 1 543.5
25 0 550.1
41 1 551.8
42 1 558.8
43 1 566.4
88 2 573.0
78 1 576.1
79 1 585.4
87 0 593.4
