24 0 21.3
81 1 21.8
23 0 31.1
41 1 36.4
89 0 48.2
38 1 50.0
90 0 55.3
36 1 58.6
91 0 62.8
35 1 65.3
130 0 70.9
87 1 75.3
92 0 82.3
33 1 84.9
93 0 89.9
31 1 95.4
94 0 97.8
95 0 105.2
131 1 110.8
96 0 112.0
97 0 119.2
17 1 121.2
18 1 128.4
98 0 128.9
19 1 135.1
99 0 144.5
21 1 145.8
100 0 152.0
22 1 153.0
101 0 159.1
23 1 160.7
102 0 166.3
24 1 167.8
25 1 175.0
103 0 176.5
26 1 187.4
104 0 192.2
27 1 194.2
105 0 199.1
28 1 201.1
106 0 206.2
88 1 208.7
107 0 212.6
29 1 218.0
126 0 220.1
127 0 227.1
62 1 229.0
128 0 234.1
58 1 238.3
129 0 243.4
59 1 245.0
133 1 255.9
108 0 259.5
85 1 264.2
109 0 267.2
86 1 273.5
110 0 274.8
83 1 282.2
111 0 282.7
112 0 290.4
79 1 294.1
113 0 299.9
78 1 303.9
114 0 306.2
125 0 313.6
76 1 316.5
75 1 323.3
115 0 324.4
124 0 331.9
80 1 332.8
73 1 342.0
116 0 343.0
72 1 348.7
118 0 349.7
71 1 355.6
119 0 356.2
120 0 362.5
121 0 368.5
69 1 369.6
70 1 376.8
122 0 383.4
3 1 391.5
4 1 398.9
123 0 399.1
5 1 406.4
6 1 413.9
117 0 413.9
7 1 421.6
12 0 427.3
56 1 429.0
11 0 434.8
55 1 436.1
53 1 445.5
132 0 445.9
63 1 453.8
9 0 455.9
64 1 460.0
8 0 463.2
65 1 473.0
50 1 483.3
60 0 492.6
48 1 492.9
49 1 499.1
61 0 502.0
66 1 510.8
67 1 517.5
44 1 530.1
15 0 553.6
