39 2 61.6
132 1 62.0
13 3 62.6
124 0 64.6
38 2 69.8
12 3 70.1
11 3 77.7
125 0 78.4
36 2 79.8
12 1 83.6
35 2 88.3
9 3 88.8
13 1 90.6
113 0 90.7
8 3 96.0
87 2 100.2
112 0 100.4
131 1 107.3
133 3 115.2
17 1 117.3
83 2 122.0
58 3 124.2
116 0 126.5
84 2 129.9
59 3 130.8
21 1 131.8
118 0 133.4
60 3 137.8
85 2 138.7
22 1 139.1
119 0 139.8
89 1 146.2
123 0 147.4
90 1 153.1
62 3 153.4
120 0 157.0
91 1 160.2
40 2 160.3
121 0 163.1
31 3 165.7
92 1 167.8
82 2 168.4
122 0 171.0
93 1 175.2
15 3 178.3
94 1 182.8
86 2 184.2
16 3 185.1
104 0 185.2
95 1 190.1
96 1 196.7
117 3 197.2
53 2 200.0
97 0 204.1
99 1 208.1
63 2 210.4
98 0 213.5
100 1 215.2
64 2 218.2
29 3 221.1
101 1 222.2
102 1 229.5
88 3 231.6
65 2 233.5
106 0 236.8
103 1 238.6
107 0 243.2
50 2 245.6
33 3 249.1
126 0 250.7
34 3 255.7
127 0 257.7
128 0 264.6
81 2 266.5
79 3 272.3
129 0 273.8
23 1 274.8
24 1 282.1
75 2 287.3
41 3 288.3
26 1 289.3
108 0 290.1
27 1 296.0
109 0 297.6
80 2 298.5
28 1 302.9
43 3 304.8
110 0 305.3
73 2 309.7
72 2 318.2
71 2 326.7
117 0 330.9
48 1 337.8
15 0 342.6
49 1 344.3
3 2 347.2
16 0 349.3
4 2 356.2
25 0 359.8
5 2 365.5
66 1 369.4
23 0 370.0
6 2 374.6
67 1 376.1
7 2 384.0
44 1 388.5
25 3 390.6
68 1 401.8
103 0 410.0
