131 0 21.0
124 1 24.2
17 0 38.3
120 1 39.0
121 1 45.1
18 0 45.6
19 0 52.4
104 1 54.7
20 0 59.1
93 1 66.9
21 0 68.3
92 1 74.1
22 0 75.8
23 0 83.5
90 1 84.3
24 0 91.0
89 1 91.2
25 0 97.9
130 1 108.0
26 0 113.0
27 0 119.9
95 1 125.6
28 0 126.8
96 1 132.2
88 0 134.4
97 1 139.5
29 0 144.5
98 1 148.3
30 0 151.4
31 0 158.8
100 1 163.8
101 1 170.7
32 0 174.2
102 1 177.8
33 0 181.1
103 1 187.1
34 0 187.8
87 0 195.8
106 1 204.2
107 1 210.6
62 0 212.1
126 1 218.1
58 0 222.4
127 1 224.9
59 0 229.2
128 1 231.8
60 0 236.2
61 0 245.8
123 1 257.9
133 0 260.4
8 0 279.1
9 0 286.3
35 1 286.7
36 1 293.6
10 0 293.7
37 1 300.6
132 0 301.3
79 1 308.0
11 0 311.6
78 1 317.5
12 0 319.2
14 0 329.9
76 1 330.1
117 0 336.7
75 1 336.9
80 1 346.3
125 0 354.2
73 1 355.7
72 1 362.3
113 0 363.7
71 1 369.1
112 0 373.5
69 1 383.0
110 0 384.5
70 1 390.3
109 0 392.1
108 0 399.6
3 1 404.9
4 1 412.3
5 1 419.9
122 0 419.9
6 1 427.2
118 0 434.0
7 1 435.0
56 1 442.3
15 0 448.5
55 1 449.2
53 1 458.9
63 1 467.6
64 1 473.8
53 0 485.5
65 1 487.0
63 0 495.0
50 1 497.4
64 0 501.1
48 1 507.0
49 1 513.3
65 0 516.6
66 1 525.2
50 0 528.4
67 1 531.8
48 0 539.0
44 1 544.6
49 0 545.3
81 1 554.2
66 0 558.9
67 0 565.4
41 1 566.8
44 0 580.0
83 1 581.1
84 1 587.3
81 0 590.9
85 1 594.4
41 0 605.1
86 1 608.0
82 0 614.7
