15 3 52.6
37 0 53.4
48 1 55.4
66 2 55.6
16 3 59.1
36 0 60.1
49 1 61.5
67 2 63.8
35 0 67.1
117 3 71.3
66 1 76.6
45 2 77.0
87 0 78.3
44 2 85.1
124 3 85.2
33 0 88.7
81 1 91.6
125 3 99.3
31 0 100.5
42 1 102.5
41 2 104.7
113 3 108.7
12 0 111.5
82 2 114.8
39 1 116.2
112 3 118.5
11 0 119.1
38 1 122.4
110 3 129.5
37 2 129.6
132 0 130.0
35 1 133.5
109 3 137.1
36 2 137.5
87 1 143.1
108 3 144.7
35 2 146.0
14 0 150.5
33 1 152.6
126 3 155.9
15 0 157.2
87 2 157.8
127 3 163.0
31 1 163.1
16 0 164.0
33 2 169.2
128 3 169.7
12 1 172.8
117 0 176.1
129 3 178.9
11 1 180.3
31 2 181.7
132 1 190.1
124 0 190.1
12 2 193.4
106 3 193.8
125 0 203.9
120 3 205.8
14 1 206.7
132 2 207.9
113 0 213.5
15 1 213.7
118 3 214.4
16 1 220.2
112 0 223.3
14 2 227.2
123 3 229.3
117 1 230.9
110 0 234.2
15 2 235.6
109 0 241.9
124 1 242.9
16 2 244.0
122 3 244.4
108 0 249.6
125 1 255.1
117 2 256.8
104 3 258.5
126 0 260.7
113 1 263.9
127 0 267.7
100 3 268.8
124 2 270.9
112 1 272.9
128 0 274.7
101 3 275.9
110 1 282.6
102 3 283.0
129 0 283.7
125 2 285.2
109 1 290.0
103 3 293.2
113 2 295.8
108 1 297.2
106 0 298.5
112 2 306.7
126 1 307.2
120 0 310.6
95 3 312.2
127 1 314.3
110 2 318.4
96 3 319.0
118 0 319.1
128 1 321.3
97 3 326.1
109 2 327.6
123 0 334.0
98 3 335.8
108 2 336.7
106 1 337.6
121 1 346.9
126 2 348.6
122 0 349.3
93 3 351.8
120 1 353.5
127 2 357.2
92 3 359.3
118 1 360.9
104 0 363.4
128 2 365.7
130 3 371.1
123 1 373.5
100 0 373.5
129 2 376.1
101 0 380.7
90 3 382.0
122 1 386.6
102 0 387.8
89 3 389.1
106 2 391.2
103 0 398.0
104 1 398.8
21 3 399.9
120 2 403.7
100 1 408.0
20 3 409.5
118 2 413.4
101 1 414.9
95 0 417.0
18 3 418.4
102 1 422.3
96 0 423.7
123 2 428.3
97 0 430.8
103 1 431.5
131 3 432.8
98 0 440.6
122 2 443.5
25 3 446.6
95 1 447.3
96 1 453.9
93 0 456.5
23 3 456.8
104 2 457.9
97 1 461.1
92 0 464.1
100 2 468.9
98 1 470.0
26 3 473.9
130 0 476.1
101 2 477.5
27 3 480.8
93 1 483.4
102 2 486.4
90 0 486.8
28 3 487.8
92 1 490.9
89 0 493.9
88 3 495.4
103 2 497.5
130 1 501.3
21 0 504.6
29 3 505.4
90 1 511.0
30 3 512.4
20 0 514.3
95 2 515.9
89 1 517.9
32 3 518.6
18 0 523.2
96 2 524.2
62 3 525.8
21 1 527.5
97 2 532.8
58 3 536.1
20 1 536.7
131 0 537.5
59 3 543.0
98 2 543.7
18 1 544.9
60 3 549.9
25 0 551.3
131 1 557.0
93 2 559.4
61 3 559.5
23 0 561.6
92 2 568.7
25 1 569.1
133 3 574.2
23 1 578.9
26 0 579.0
130 2 581.1
85 3 583.2
27 0 585.6
26 1 592.6
28 0 592.6
90 2 592.8
86 3 593.5
27 1 599.4
88 0 600.2
89 2 601.3
83 3 602.8
28 1 606.3
29 0 610.4
38 3 611.3
21 2 612.8
88 1 613.7
79 3 621.0
62 0 622.3
29 1 622.8
20 2 623.8
78 3 631.2
58 0 632.7
62 1 633.7
18 2 633.7
59 0 639.4
58 1 643.0
76 3 646.1
60 0 646.4
131 2 648.2
59 1 649.8
75 3 652.9
25 2 662.3
80 3 663.3
133 0 666.4
85 1 672.2
73 3 673.4
23 2 673.5
72 3 680.2
86 1 680.9
83 0 686.7
71 3 687.2
84 1 688.3
26 2 690.2
83 1 694.7
38 0 695.2
27 2 698.5
69 3 703.7
79 0 704.9
28 2 707.1
70 3 711.2
78 1 711.3
88 2 716.2
78 0 717.1
1 3 722.4
76 1 724.0
29 2 727.2
76 0 729.9
75 1 730.5
3 3 732.8
75 0 736.9
80 1 739.9
62 2 740.0
4 3 740.6
5 3 748.5
73 1 749.4
58 2 751.2
72 1 756.0
6 3 756.2
71 0 759.1
59 2 759.4
7 3 764.3
60 2 768.2
8 3 772.2
69 0 774.9
61 2 779.1
9 3 779.4
70 0 782.5
10 3 786.8
1 0 793.7
133 2 793.7
56 3 803.9
85 2 804.0
3 0 804.2
55 3 810.9
4 0 812.0
86 2 815.1
5 0 819.8
53 3 821.1
83 2 825.6
6 0 827.5
63 3 830.4
7 0 835.7
64 3 836.7
79 2 839.8
8 0 843.3
9 0 850.6
78 2 851.0
50 3 859.2
76 2 866.0
48 3 869.8
56 0 870.8
75 2 874.4
49 3 876.1
55 0 878.0
80 2 885.6
53 0 888.3
66 3 889.4
67 3 895.8
73 2 896.7
63 0 897.6
64 0 903.6
72 2 905.1
44 3 910.5
71 2 913.6
81 3 921.0
50 0 926.5
69 2 929.9
41 3 935.2
48 0 937.0
70 2 938.9
49 0 943.1
82 3 944.8
1 2 950.9
66 0 956.6
36 3 960.7
3 2 962.1
67 0 963.0
35 3 967.7
4 2 971.3
44 0 977.9
87 3 978.7
5 2 980.6
81 0 988.4
33 3 989.3
6 2 989.8
7 2 999.2
31 3 1001.0
41 0 1002.9
8 2 1008.4
12 3 1012.0
82 0 1012.3
9 2 1017.2
11 3 1019.6
132 3 1030.6
56 2 1036.3
55 2 1045.1
53 2 1056.3
63 2 1066.7
64 2 1074.5
50 2 1095.6
48 2 1107.1
49 2 1115.1
