10 3 49.5
123 1 51.3
1 0 51.8
126 2 54.8
2 0 58.7
11 3 59.2
118 1 61.0
29 2 66.5
3 0 67.4
119 1 67.8
8 3 69.3
120 1 74.5
28 2 75.5
4 0 76.0
12 3 80.6
121 1 80.7
27 2 84.6
13 3 88.2
122 1 93.1
14 3 96.0
25 2 97.5
12 0 98.6
32 1 102.7
13 0 105.2
26 2 107.1
31 1 109.3
14 0 112.8
47 3 114.5
126 1 118.7
1 2 119.9
15 0 120.0
48 3 124.9
16 0 127.5
29 1 127.9
3 2 132.0
28 1 134.5
17 0 135.9
27 1 141.1
4 2 141.9
18 0 146.1
25 1 150.9
5 2 151.6
102 3 156.8
26 1 158.2
6 2 161.6
101 3 164.5
7 2 171.7
38 0 172.1
100 3 174.8
