2 0 19.8
8 1 27.1
3 0 28.4
12 1 36.7
4 0 36.7
13 1 43.5
5 0 48.6
14 1 50.2
6 0 54.6
7 0 62.5
47 1 64.9
12 0 70.4
48 1 73.8
13 0 78.2
14 0 85.9
15 0 93.8
54 1 99.5
16 0 101.1
55 1 106.7
17 0 109.6
56 1 114.0
18 0 118.1
115 1 121.3
19 0 126.7
57 1 130.7
58 1 138.0
129 0 143.6
59 1 145.5
60 1 152.7
130 0 158.2
61 1 160.2
131 0 164.9
62 1 167.4
63 1 174.1
64 1 180.8
132 0 183.2
65 1 189.0
124 0 194.2
66 1 203.0
42 0 204.1
67 1 209.8
125 0 216.2
68 1 216.6
134 1 223.7
39 0 225.9
107 1 233.0
34 0 236.7
84 1 241.9
122 0 248.0
95 1 253.7
121 0 258.5
94 1 260.5
106 1 270.3
119 0 273.2
92 1 280.7
118 0 280.8
91 1 288.0
123 0 292.6
87 1 297.9
116 0 304.1
88 1 304.2
89 1 311.3
51 0 313.8
90 1 320.2
52 0 321.4
53 0 329.1
135 1 332.9
69 1 341.0
109 0 346.9
70 1 347.8
113 1 354.2
80 0 359.0
114 1 360.3
81 0 367.0
71 1 370.7
82 0 374.4
112 1 378.0
108 0 381.5
72 1 388.5
83 0 390.7
73 1 395.9
97 0 397.5
74 1 402.5
98 0 408.4
75 1 408.4
99 0 416.4
76 1 418.2
