13 1 35.3
22 0 37.1
12 1 42.9
81 2 43.0
21 0 44.4
11 1 49.9
20 0 53.9
41 2 57.5
132 1 60.0
18 0 62.8
38 2 73.2
36 2 83.7
15 0 85.8
35 2 92.2
117 0 95.2
113 1 95.9
87 2 104.1
112 1 104.9
124 0 108.9
33 2 115.5
125 1 117.8
110 0 127.6
31 2 128.0
109 0 135.3
108 0 142.8
9 1 148.1
126 0 154.0
85 2 154.3
8 1 155.2
127 0 161.1
83 2 164.7
128 0 168.0
133 1 171.3
129 0 177.2
86 2 178.7
58 1 179.6
59 1 186.1
106 0 192.0
60 1 193.2
53 2 194.4
61 1 202.2
120 0 203.9
63 2 204.6
64 2 212.5
118 0 212.5
123 0 227.5
65 2 227.7
79 1 229.0
78 1 238.5
50 2 240.1
122 0 242.7
76 1 251.1
66 2 253.4
104 0 256.7
75 1 257.8
67 2 261.5
100 0 266.9
80 1 267.3
101 0 273.9
44 2 276.2
102 0 281.2
69 1 285.2
103 0 291.3
68 2 291.8
70 1 292.6
71 2 300.5
72 2 309.0
95 0 310.4
96 0 317.1
73 2 317.4
47 1 318.3
97 0 324.3
48 1 324.9
74 2 326.3
49 1 331.3
98 0 333.8
93 0 349.9
3 2 353.4
92 0 357.5
62 1 357.7
4 2 362.5
30 1 366.5
130 0 369.3
5 2 371.7
29 1 373.1
90 0 380.3
6 2 380.9
27 1 382.3
89 0 387.4
26 1 389.0
7 2 390.4
23 0 399.1
56 2 399.4
88 1 404.6
