10 1 26.6
65 0 29.2
9 1 34.1
50 0 40.7
8 1 40.7
56 1 50.3
48 0 51.3
55 1 57.3
49 0 57.7
53 1 66.8
66 0 70.8
63 1 75.1
64 1 81.4
67 0 85.8
133 1 94.8
85 1 106.5
86 1 116.2
58 0 121.1
83 1 125.0
59 0 127.7
38 1 133.1
60 0 135.1
36 1 141.7
61 0 145.0
35 1 148.6
62 0 160.4
31 0 173.3
89 1 178.8
12 0 184.4
90 1 185.8
11 0 191.9
91 1 193.1
92 1 200.9
132 0 203.0
93 1 208.3
94 1 215.8
95 1 223.0
14 0 223.8
96 1 229.8
117 0 230.8
97 1 236.9
124 0 245.3
98 1 246.1
99 1 259.4
125 0 259.8
100 1 266.8
113 0 269.5
101 1 273.6
112 0 279.5
102 1 281.0
110 0 290.6
109 0 298.3
104 1 299.1
108 0 305.9
105 1 306.0
106 1 312.8
126 1 321.7
122 0 326.1
127 1 328.8
128 1 335.9
120 0 336.1
129 1 344.7
123 0 346.1
118 0 356.0
15 0 370.8
16 0 377.4
131 0 385.4
17 0 396.7
18 0 404.1
19 0 411.0
20 0 417.8
40 1 423.4
21 0 427.1
82 1 430.2
22 0 434.7
41 1 438.5
23 0 442.5
42 1 445.5
24 0 450.0
43 1 453.3
25 0 457.0
78 1 463.0
26 0 472.1
79 1 472.6
27 0 479.0
28 0 486.0
76 1 487.0
75 1 493.8
88 0 493.8
80 1 503.5
29 0 504.0
73 1 512.6
33 0 515.7
72 1 519.4
34 0 522.3
71 1 526.3
87 0 530.6
44 1 538.1
81 1 547.5
79 0 552.5
46 1 561.3
78 0 563.1
69 1 573.0
76 0 578.2
70 1 580.4
75 0 585.0
3 1 595.4
80 0 595.6
4 1 602.8
73 0 605.8
5 1 610.4
72 0 612.7
6 1 617.8
71 0 619.6
69 0 636.1
70 0 643.6
1 0 654.7
88 1 661.7
3 0 665.2
4 0 673.1
25 1 677.1
5 0 680.8
6 0 688.6
131 1 689.0
7 0 696.8
15 1 698.4
118 1 710.7
119 1 717.3
120 1 724.1
122 1 733.3
44 0 735.2
81 0 746.0
123 1 746.4
41 0 760.5
82 0 769.8
18 1 770.0
19 1 776.9
21 1 787.5
130 0 849.4
128 0 890.2
129 0 899.5
