86 1 42.9
31 0 43.3
100 2 43.9
83 1 51.8
101 2 52.3
12 0 54.3
38 1 59.8
102 2 61.2
11 0 61.8
79 1 68.8
103 2 72.3
132 0 72.8
78 1 78.0
76 1 90.5
95 2 90.7
14 0 93.2
75 1 97.4
96 2 98.9
15 0 100.2
80 1 106.7
16 0 106.8
97 2 107.6
73 1 116.2
98 2 118.4
117 0 119.0
72 1 122.8
71 1 129.5
124 0 132.9
93 2 134.3
92 2 143.3
69 1 143.6
125 0 146.9
70 1 150.8
130 2 156.0
113 0 156.4
3 1 165.4
112 0 166.3
90 2 167.5
4 1 172.7
89 2 176.1
110 0 177.2
5 1 180.3
109 0 184.8
21 2 187.7
6 1 187.7
108 0 192.5
7 1 195.5
20 2 198.5
8 1 203.0
126 0 203.5
18 2 208.6
9 1 210.1
127 0 210.6
10 1 217.3
128 0 217.4
131 2 223.0
129 0 226.6
56 1 231.6
25 2 236.9
55 1 238.6
106 0 241.6
53 1 248.0
23 2 248.2
120 0 253.5
63 1 256.4
118 0 262.1
64 1 262.8
26 2 264.9
27 2 273.3
65 1 275.6
123 0 276.9
28 2 282.0
50 1 286.0
88 2 291.0
122 0 292.1
48 1 295.4
49 1 301.7
29 2 301.9
104 0 306.2
30 2 310.4
66 1 313.4
100 0 316.5
32 2 318.6
67 1 319.9
101 0 323.6
62 2 327.3
102 0 330.8
44 1 332.3
58 2 338.5
103 0 340.9
81 1 341.7
59 2 346.9
41 1 354.1
60 2 355.7
95 0 359.9
61 2 366.5
96 0 366.6
36 1 371.5
97 0 373.8
35 1 378.3
133 2 381.1
98 0 383.3
87 1 388.4
85 2 391.4
33 1 397.8
93 0 399.5
86 2 402.5
92 0 407.1
31 1 408.4
83 2 413.1
12 1 418.1
130 0 418.8
38 2 422.7
11 1 425.3
90 0 429.7
79 2 433.5
132 1 435.3
89 0 436.9
78 2 444.6
21 0 447.5
14 1 451.9
20 0 457.3
15 1 458.7
76 2 459.7
16 1 465.5
18 0 466.1
75 2 468.0
117 1 476.4
80 2 479.3
131 0 480.4
124 1 488.1
73 2 490.5
25 0 494.2
72 2 498.9
125 1 500.3
23 0 504.5
71 2 507.3
113 1 509.1
112 1 518.2
26 0 521.6
69 2 523.6
110 1 528.0
27 0 528.4
70 2 532.6
109 1 535.2
28 0 535.6
