10 1 23.3
65 0 28.4
9 1 30.8
8 1 37.5
50 0 39.8
56 1 47.1
48 0 50.3
55 1 54.1
49 0 56.7
53 1 63.5
66 0 74.2
63 1 80.8
67 0 80.8
64 1 86.8
133 1 100.4
53 0 106.1
85 1 112.5
54 0 112.9
86 1 122.2
58 0 124.9
83 1 131.0
59 0 131.5
60 0 138.8
38 1 139.5
36 1 148.3
61 0 148.8
35 1 155.1
62 0 164.5
31 0 177.7
89 1 185.6
12 0 188.9
90 1 192.5
11 0 196.5
91 1 199.5
92 1 207.6
132 0 207.7
93 1 215.2
94 1 222.5
14 0 228.2
95 1 229.8
117 0 235.6
96 1 236.6
97 1 244.1
124 0 250.2
98 1 253.2
125 0 264.8
99 1 266.4
100 1 274.0
113 0 274.7
101 1 280.8
112 0 284.8
102 1 288.3
110 0 296.0
109 0 303.7
104 1 306.5
108 0 311.3
105 1 313.5
106 1 320.5
107 1 326.9
122 0 331.4
126 1 334.7
120 0 341.4
127 1 341.4
128 1 348.6
123 0 351.4
129 1 357.4
118 0 361.4
15 0 376.2
16 0 382.8
131 0 390.7
17 0 402.1
18 0 409.6
19 0 416.4
20 0 423.4
21 0 432.7
40 1 436.4
22 0 440.0
82 1 443.2
23 0 448.2
41 1 452.1
24 0 455.6
42 1 459.0
25 0 462.7
43 1 467.2
78 1 476.6
26 0 477.7
27 0 484.6
79 1 486.1
28 0 491.6
88 0 499.3
76 1 500.6
75 1 507.5
29 0 509.6
80 1 517.1
33 0 521.4
73 1 526.6
34 0 528.1
72 1 533.4
87 0 536.4
71 1 540.1
44 1 552.0
79 0 557.5
81 1 561.7
78 0 568.0
46 1 575.8
76 0 583.3
69 1 587.7
75 0 590.2
70 1 595.0
80 0 600.7
3 1 609.9
73 0 611.0
4 1 617.4
72 0 617.9
71 0 624.8
5 1 624.9
6 1 632.3
69 0 636.0
70 0 643.4
1 0 654.7
3 0 665.6
4 0 673.3
5 0 681.1
