123 0 26.6
120 0 35.9
121 0 42.1
122 0 50.3
104 0 64.9
100 0 75.6
101 0 82.8
102 0 90.2
103 0 100.3
95 0 119.9
96 0 126.8
97 0 134.2
98 0 144.2
93 0 160.8
92 0 168.6
130 0 181.1
90 0 192.3
89 0 199.4
21 0 210.4
20 0 220.8
18 0 230.0
131 0 245.5
25 0 259.5
23 0 270.5
26 0 288.2
27 0 295.0
28 0 302.1
88 0 310.4
29 0 320.8
30 0 328.0
32 0 334.9
62 0 342.4
58 0 353.2
59 0 360.0
60 0 367.3
61 0 377.6
133 0 392.4
85 0 402.1
86 0 412.6
83 0 422.5
38 0 431.5
79 0 441.4
78 0 452.1
76 0 467.8
75 0 474.4
80 0 485.1
73 0 495.8
72 0 502.6
71 0 509.5
69 0 526.8
70 0 534.5
1 0 545.9
3 0 556.8
4 0 564.6
5 0 572.4
6 0 580.1
7 0 588.3
8 0 596.3
9 0 603.6
10 0 610.9
56 0 628.7
55 0 635.9
53 0 646.6
63 0 656.3
64 0 662.4
65 0 678.6
50 0 690.7
48 0 701.6
49 0 707.7
66 0 722.2
67 0 728.7
44 0 743.9
81 0 754.9
41 0 769.8
82 0 779.8
36 0 796.3
35 0 803.5
87 0 814.7
33 0 826.0
31 0 838.2
12 0 849.6
11 0 857.3
132 0 868.8
14 0 889.4
15 0 897.0
117 0 912.0
124 0 926.8
125 0 941.8
113 0 952.1
112 0 962.1
110 0 973.6
109 0 981.3
108 0 988.9
126 0 1000.7
127 0 1007.6
128 0 1015.3
129 0 1024.9
106 0 1040.3
118 0 1056.9
