10 1 23.7
65 0 25.8
9 1 31.4
8 1 38.0
133 0 46.7
11 1 48.4
12 1 55.3
58 0 56.0
59 0 62.6
13 1 62.8
14 1 69.8
62 0 75.7
15 1 76.8
16 1 83.2
31 0 88.1
117 1 94.3
124 1 106.4
131 0 106.8
17 0 118.1
125 1 118.9
18 0 125.3
113 1 128.1
19 0 132.3
112 1 137.0
20 0 138.9
110 1 147.3
21 0 148.5
109 1 154.6
22 0 156.0
108 1 162.0
89 0 163.7
90 0 170.7
91 0 178.0
122 1 178.7
92 0 186.4
118 1 191.3
93 0 193.9
94 0 201.9
95 0 209.4
132 1 214.5
96 0 216.1
97 0 223.6
56 1 231.0
98 0 233.4
55 1 238.0
53 1 247.7
99 0 249.0
63 1 256.3
100 0 256.6
64 1 262.4
101 0 263.7
102 0 271.1
50 1 275.5
103 0 281.3
48 1 285.4
49 1 291.4
104 0 297.1
66 1 303.8
105 0 304.0
67 1 310.1
106 0 310.9
107 0 317.3
44 1 322.9
126 0 324.8
127 0 332.0
81 1 332.4
128 0 339.0
41 1 345.1
129 0 348.3
83 1 359.4
84 1 365.4
120 0 371.3
85 1 373.0
123 0 381.1
60 1 388.9
61 1 398.3
86 1 418.7
130 0 419.7
38 1 430.7
36 1 439.3
23 0 440.3
35 1 446.2
24 0 447.7
25 0 454.8
79 1 462.9
26 0 470.0
78 1 472.2
27 0 476.8
28 0 484.0
76 1 484.9
88 0 491.6
75 1 491.6
80 1 501.1
29 0 501.6
73 1 510.5
33 0 513.4
72 1 517.3
34 0 520.0
71 1 524.1
87 0 528.3
69 1 538.6
70 1 545.7
3 1 560.8
