2 0 30.3
29 2 35.6
11 1 36.4
28 2 44.6
27 2 53.7
8 0 59.9
9 0 67.3
38 2 73.6
100 1 78.6
12 0 82.1
81 1 87.8
34 2 89.1
13 0 89.9
82 1 94.1
14 0 97.6
32 2 101.0
83 1 104.5
133 0 104.9
31 2 109.9
84 1 111.2
45 0 114.6
85 1 117.2
46 0 121.7
107 1 124.3
47 0 129.6
122 2 129.9
134 1 133.6
48 0 140.2
119 2 142.2
62 1 150.7
118 2 151.4
49 0 157.1
63 1 157.3
116 2 163.4
64 1 164.3
50 0 165.1
65 1 172.9
51 2 174.2
52 0 174.9
53 0 182.9
104 2 183.7
54 0 191.5
135 1 193.7
102 2 195.5
55 0 199.7
87 1 201.8
101 2 204.5
88 1 208.2
56 0 208.3
89 1 215.0
115 0 216.6
90 1 224.0
109 2 224.9
57 0 227.9
58 0 236.3
91 1 238.1
59 0 244.8
92 1 245.2
105 2 252.6
93 1 252.7
60 0 253.2
106 1 260.8
61 0 261.9
66 0 270.1
94 1 270.6
123 2 277.2
95 1 277.3
67 0 277.9
96 1 284.1
68 0 285.7
97 1 290.4
69 0 293.4
121 2 296.7
70 0 301.0
98 1 303.3
42 2 307.2
113 0 308.0
114 0 314.8
43 2 315.6
124 2 325.1
71 0 327.3
112 0 336.5
132 2 337.4
17 1 339.8
129 1 347.5
72 0 348.7
15 2 349.7
73 0 357.2
18 1 358.2
16 2 358.8
74 0 364.7
19 1 365.7
130 2 367.4
75 0 371.5
20 1 372.6
131 2 375.9
21 1 378.5
76 0 383.6
22 1 388.7
110 0 391.2
127 1 395.3
111 0 398.3
128 1 401.7
125 2 405.2
77 0 411.0
23 1 412.6
39 2 416.1
78 0 418.6
37 1 419.0
79 0 426.3
24 1 432.8
