2 0 27.4
11 1 30.2
29 2 32.6
3 0 36.1
8 1 38.9
28 2 41.5
4 0 44.4
12 1 48.2
27 2 50.6
5 0 52.8
13 1 55.0
6 0 61.4
14 1 61.9
25 2 63.4
15 1 69.1
7 0 70.0
26 2 72.9
16 1 75.5
8 0 78.1
130 1 81.8
9 0 85.6
1 2 85.8
131 1 87.9
10 0 93.0
3 2 98.0
17 1 98.3
11 0 103.0
129 1 105.7
4 2 107.8
5 2 117.5
12 0 120.0
6 2 127.5
13 0 129.8
14 0 136.0
20 1 136.7
7 2 137.6
21 1 142.7
132 0 143.4
22 1 152.4
23 1 159.3
133 0 160.1
24 1 165.8
45 0 169.8
37 1 174.8
46 0 177.0
100 2 178.4
47 0 184.9
34 1 186.6
81 2 190.2
48 0 195.2
32 1 195.6
82 2 199.1
31 1 202.3
108 2 208.0
49 0 212.1
122 1 218.5
83 2 218.7
50 0 219.8
84 2 227.4
119 1 228.0
52 0 230.1
118 1 234.9
85 2 235.7
53 0 237.7
116 1 243.9
107 2 245.2
54 0 246.5
51 1 252.3
55 0 254.6
134 2 257.1
104 1 259.1
56 0 263.1
102 1 268.1
115 0 271.2
101 1 274.7
62 2 277.1
57 0 282.6
63 2 286.3
58 0 291.0
109 1 291.4
64 2 295.3
59 0 299.5
65 2 306.5
60 0 307.9
105 1 315.0
61 0 316.6
66 0 324.7
135 2 330.7
67 0 332.3
123 1 335.5
68 0 340.1
87 2 341.5
69 0 347.8
88 2 350.3
121 1 351.7
70 0 355.5
42 1 359.4
89 2 359.5
113 0 362.3
43 1 365.7
114 0 368.8
90 2 371.2
124 1 372.7
71 0 381.5
125 1 386.9
91 2 388.3
112 0 390.1
39 1 395.2
92 2 397.9
72 0 402.4
38 1 407.9
93 2 407.9
73 0 411.1
74 0 418.1
106 2 418.1
127 1 424.1
75 0 424.8
128 1 430.5
94 2 430.5
76 0 436.7
95 2 439.5
110 0 443.9
96 2 448.9
111 0 451.3
97 2 457.5
132 1 458.0
77 0 464.1
133 1 471.3
78 0 471.5
98 2 473.0
79 0 479.1
45 1 479.5
46 1 485.9
47 1 492.7
105 2 494.6
48 1 501.7
109 0 507.9
49 1 515.8
45 2 518.9
80 0 520.2
52 1 526.2
46 2 527.7
81 0 527.9
53 1 533.0
82 0 535.3
47 2 537.0
54 1 540.6
108 0 542.5
55 1 547.9
48 2 548.6
83 0 551.9
56 1 555.3
84 0 558.8
85 0 565.5
57 1 567.4
132 2 568.9
107 0 573.8
58 1 574.7
124 2 580.7
59 1 582.1
134 0 584.4
60 1 589.5
42 2 592.0
61 1 597.0
62 1 604.1
125 2 604.9
63 0 608.8
39 2 615.7
66 1 626.4
36 2 628.2
67 1 633.1
37 2 637.7
68 1 640.0
135 0 643.8
69 1 647.0
87 0 653.1
20 2 653.2
70 1 653.6
113 1 659.9
88 0 660.4
21 2 661.8
114 1 665.8
89 0 668.0
71 1 676.2
127 2 676.4
90 0 678.6
112 1 683.7
128 2 685.2
72 1 694.0
91 0 695.9
73 1 701.4
92 0 704.4
74 1 708.0
38 2 711.3
93 0 713.0
75 1 714.2
106 0 721.6
76 1 724.1
34 2 726.4
110 1 730.5
94 0 733.3
111 1 736.8
32 2 738.1
95 0 740.7
31 2 747.0
77 1 747.7
96 0 748.5
78 1 754.0
97 0 755.6
81 1 766.5
122 2 766.8
98 0 770.8
82 1 773.0
121 2 778.9
99 0 779.0
83 1 783.3
100 0 786.3
84 1 789.4
119 2 793.5
85 1 795.5
118 2 802.4
107 1 802.4
101 0 802.7
102 0 810.2
134 1 811.9
123 2 815.2
103 0 817.6
135 1 820.6
105 0 825.7
116 2 827.5
87 1 828.9
88 1 835.3
104 0 836.6
52 2 841.1
89 1 842.1
116 0 849.3
53 2 850.3
90 1 851.0
117 0 856.5
54 2 860.4
91 1 865.0
123 0 865.3
55 2 869.8
92 1 872.2
118 0 876.9
93 1 879.7
56 2 879.9
119 0 884.6
106 1 887.5
115 2 889.4
120 0 892.2
94 1 897.1
121 0 899.2
57 2 901.7
95 1 903.9
42 0 908.3
96 1 910.7
58 2 911.4
97 1 916.8
124 0 918.7
59 2 921.3
98 1 929.4
60 2 931.1
125 0 936.4
39 0 946.0
69 2 952.0
36 0 957.9
70 2 961.0
38 0 966.1
113 2 969.6
37 0 977.5
114 2 978.1
127 0 990.7
71 2 991.2
128 0 997.7
112 2 1001.3
20 0 1012.6
72 2 1014.2
21 0 1019.6
73 2 1024.3
74 2 1033.2
24 0 1037.3
75 2 1041.6
76 2 1054.1
34 0 1058.0
110 2 1063.0
32 0 1068.5
111 2 1071.6
31 0 1076.0
77 2 1085.3
122 0 1096.8
78 2 1099.1
79 2 1108.1
109 2 1117.8
