87 1 61.1
80 2 62.2
1 0 64.4
9 3 68.1
33 1 70.5
2 0 71.3
73 2 73.8
8 3 76.3
3 0 79.9
31 1 81.1
72 2 82.8
56 3 87.9
4 0 88.6
71 2 92.0
55 3 95.5
5 0 97.0
12 1 101.8
6 0 105.4
133 3 106.1
11 1 109.0
69 2 109.5
62 3 115.8
7 0 117.8
70 2 119.1
1 2 132.1
14 1 136.8
29 3 137.2
3 2 144.3
15 1 152.4
88 3 153.9
4 2 154.2
16 1 158.9
5 2 163.9
27 3 164.8
26 3 172.2
17 0 172.9
6 2 173.8
113 1 179.4
18 0 180.7
23 3 183.6
7 2 183.9
19 0 188.1
112 1 188.5
8 2 193.8
89 3 195.2
20 0 195.2
90 3 202.8
9 2 203.1
21 0 205.2
125 1 207.5
91 3 210.7
10 2 212.6
22 0 213.4
130 3 219.5
124 1 219.8
89 0 221.3
90 0 228.8
116 1 229.8
92 3 232.0
91 0 236.8
93 3 240.2
120 1 243.9
94 3 248.7
92 0 251.4
95 3 256.6
93 0 259.6
96 3 264.0
94 0 268.3
98 1 274.1
99 3 278.5
35 2 285.5
100 3 286.4
101 3 294.0
106 1 294.0
36 2 294.8
107 1 300.2
102 3 302.0
37 2 303.9
108 1 308.2
38 2 312.6
103 3 313.3
109 1 315.3
39 2 321.2
110 1 322.6
133 0 323.4
83 2 330.4
104 3 330.7
105 3 338.1
84 2 338.6
126 1 344.3
50 0 344.9
85 2 348.5
127 1 351.1
123 3 355.2
128 1 358.3
44 0 362.8
86 2 366.0
129 1 366.9
40 2 381.5
76 0 384.2
122 1 387.6
75 0 391.7
41 2 395.5
42 2 404.6
79 2 420.0
81 0 422.6
58 1 423.0
66 3 429.0
59 1 429.4
67 3 436.3
60 1 436.7
61 1 446.3
48 3 451.1
58 2 451.5
65 0 454.9
49 3 458.0
59 2 460.2
63 0 470.1
60 2 470.3
64 0 477.0
25 1 480.7
61 2 482.0
131 1 497.6
25 2 521.3
25 0 528.8
63 1 532.7
64 1 538.9
131 3 539.6
131 0 550.5
128 2 576.9
63 3 585.9
129 2 588.4
122 2 613.3
48 2 671.8
49 2 680.3
65 2 701.2
63 2 716.1
