20 1 31.6
31 0 33.3
19 1 38.3
12 0 44.4
18 1 44.8
11 0 51.8
131 1 56.9
132 0 62.9
25 1 68.8
23 1 78.2
14 0 83.4
15 0 90.2
26 1 92.6
27 1 99.3
16 0 100.3
28 1 106.2
21 0 117.2
35 1 123.1
22 0 124.7
36 1 130.1
89 0 132.1
37 1 137.0
90 0 139.3
79 1 144.8
91 0 146.7
78 1 154.4
130 0 154.8
92 0 166.7
76 1 167.4
75 1 173.9
93 0 174.4
94 0 182.3
80 1 183.6
95 0 189.8
73 1 193.0
96 0 196.5
72 1 199.9
97 0 204.1
71 1 206.7
98 0 214.1
69 1 221.1
70 1 228.4
99 0 229.7
100 0 237.4
3 1 243.4
101 0 244.5
4 1 250.8
102 0 252.1
5 1 258.4
103 0 262.3
6 1 265.8
7 1 273.5
104 0 278.3
8 1 281.3
105 0 285.1
9 1 288.5
106 0 292.0
10 1 295.4
107 0 298.3
126 0 306.1
56 1 310.1
127 0 313.1
55 1 317.1
128 0 320.3
53 1 326.8
129 0 329.9
63 1 335.6
64 1 341.8
108 0 346.3
109 0 353.8
65 1 355.2
110 0 361.6
50 1 365.8
111 0 369.4
49 1 377.0
112 0 377.6
48 1 384.0
113 0 387.4
114 0 393.5
66 1 394.2
67 1 400.9
125 0 401.4
115 0 412.8
44 1 413.9
124 0 420.5
81 1 423.6
116 0 431.9
41 1 436.4
118 0 439.1
119 0 445.4
83 1 450.4
120 0 451.8
84 1 456.9
121 0 457.7
85 1 464.2
133 1 473.3
122 0 473.7
58 1 481.6
59 1 488.2
123 0 489.3
117 0 504.3
86 1 515.8
29 0 523.3
38 1 528.0
88 0 533.8
87 1 543.8
32 0 549.3
33 0 556.5
34 0 562.8
