97 1 33.8
3 0 36.4
15 2 36.5
4 0 44.3
16 2 44.6
95 1 46.4
5 0 52.1
93 1 55.9
117 2 57.5
6 0 59.8
92 1 63.4
7 0 68.0
124 2 71.5
130 1 73.9
8 0 75.7
90 1 83.6
125 2 85.8
9 0 87.2
89 1 90.5
10 0 94.5
21 1 100.2
11 0 102.4
12 0 109.9
17 2 117.3
13 0 120.9
18 2 126.1
19 2 134.6
104 1 136.6
35 0 141.6
105 1 143.3
36 0 148.6
122 1 153.9
37 0 155.6
120 1 163.5
79 0 163.7
99 2 165.3
123 1 172.6
78 0 173.9
100 2 174.5
118 1 181.8
101 2 182.9
43 0 184.4
102 2 191.8
47 0 199.5
103 2 203.0
48 0 205.8
49 0 212.4
81 1 224.6
50 0 224.8
51 0 232.7
44 1 234.4
23 2 237.7
52 0 240.4
45 1 241.0
63 0 246.7
24 2 246.8
46 1 247.9
64 0 252.9
66 1 254.8
26 2 255.5
67 1 261.1
27 2 263.9
65 0 268.2
28 2 272.6
68 1 273.6
71 1 280.7
88 2 281.7
72 1 287.5
29 2 292.6
73 1 294.4
69 0 295.2
30 2 301.1
74 1 301.3
70 0 302.6
80 1 308.8
32 2 309.4
1 0 314.0
33 2 318.0
75 1 318.0
76 1 324.8
34 2 326.2
87 2 335.9
41 0 346.8
62 2 352.8
82 0 356.5
58 2 363.3
132 1 363.3
83 0 367.7
59 2 371.6
84 0 373.9
60 2 380.6
86 0 381.5
113 1 391.0
61 2 391.6
38 0 395.2
112 1 400.1
133 2 406.6
110 1 409.8
85 0 413.6
109 1 417.2
85 2 421.9
55 0 423.8
108 1 424.7
56 0 431.2
55 2 432.7
126 1 434.7
56 2 441.4
127 1 441.5
128 1 448.4
53 0 450.5
53 2 460.1
106 1 465.1
133 0 465.7
