3 1 41.9
129 0 43.0
124 2 45.1
4 1 49.3
126 0 52.2
5 1 57.0
125 2 59.1
106 0 61.8
6 1 64.3
113 2 70.0
7 1 72.2
120 0 73.8
8 1 79.6
112 2 80.8
118 0 82.2
9 1 95.6
123 0 97.1
110 2 100.7
10 1 102.8
109 2 109.6
11 1 114.5
104 0 116.3
108 2 118.9
12 1 121.9
13 1 129.3
93 0 130.4
128 2 135.1
14 1 136.3
92 0 138.2
15 1 143.2
16 1 150.0
18 1 159.9
19 1 166.5
100 0 167.3
101 0 174.3
21 1 177.2
102 0 181.6
22 1 184.4
103 0 191.6
23 1 192.0
24 1 199.0
35 2 200.4
25 1 206.2
36 2 209.0
37 2 217.7
26 1 218.8
130 0 222.6
27 1 225.8
38 2 226.0
28 1 232.5
90 0 233.7
39 2 234.0
88 1 240.1
89 0 240.6
83 2 242.5
29 1 249.3
84 2 250.5
30 1 256.2
85 2 259.4
33 1 264.8
53 2 270.3
34 1 271.3
87 1 279.4
86 2 290.9
62 1 293.0
50 0 294.4
58 1 302.1
40 2 305.1
66 0 307.3
59 1 308.8
82 2 313.2
67 0 314.0
60 1 316.1
41 2 323.5
61 1 325.0
68 0 328.6
42 2 332.2
69 0 337.0
43 2 341.8
55 1 342.1
70 0 344.4
56 1 348.9
81 2 350.9
1 0 355.6
44 2 362.5
45 2 370.9
65 1 372.0
71 2 382.1
48 0 383.3
63 1 383.9
49 0 389.8
64 1 389.9
72 2 390.4
73 2 399.0
74 2 407.7
31 1 413.7
80 2 417.0
117 1 424.7
75 2 427.9
76 2 436.4
77 2 445.0
131 1 447.8
78 2 453.6
79 2 469.3
95 0 471.9
96 0 478.8
95 1 483.8
97 0 486.0
96 1 490.6
