102 0 37.7
61 1 44.9
103 0 47.5
58 1 53.5
100 0 57.3
57 1 60.3
133 1 67.1
95 0 70.9
85 1 75.6
96 0 77.6
86 1 84.5
97 0 84.6
83 1 93.3
98 0 94.2
38 1 101.4
93 0 110.3
79 1 110.3
92 0 118.0
78 1 119.6
130 0 129.7
76 1 132.1
75 1 139.0
90 0 140.7
89 0 147.7
80 1 148.3
73 1 157.7
21 0 158.3
72 1 164.4
20 0 168.1
71 1 171.2
18 0 177.0
69 1 185.2
131 0 191.3
70 1 192.4
25 0 205.0
3 1 206.9
4 1 214.3
23 0 215.4
5 1 222.0
6 1 229.3
26 0 232.5
7 1 237.2
27 0 239.3
8 1 244.6
28 0 246.3
9 1 251.8
88 0 253.9
10 1 259.0
29 0 264.0
30 0 271.0
56 1 273.1
32 0 277.1
55 1 280.2
62 0 284.5
