102 0 22.2
61 1 29.3
103 0 31.9
58 1 37.9
100 0 41.6
57 1 44.7
133 1 51.5
95 0 55.2
85 1 59.9
96 0 62.0
86 1 68.8
97 0 69.0
83 1 77.7
98 0 78.5
38 1 85.6
93 0 94.7
79 1 94.7
92 0 102.3
78 1 103.8
130 0 114.2
76 1 116.4
75 1 123.2
90 0 125.0
89 0 132.1
80 1 132.7
73 1 142.1
21 0 142.8
72 1 148.6
20 0 152.4
71 1 155.5
18 0 161.4
69 1 169.5
131 0 175.6
70 1 176.6
25 0 189.4
3 1 191.3
4 1 198.6
23 0 199.7
5 1 206.2
6 1 213.6
26 0 216.8
7 1 221.5
27 0 223.8
8 1 228.8
28 0 230.7
9 1 236.0
88 0 238.2
10 1 243.2
29 0 248.4
30 0 255.3
56 1 257.5
32 0 261.6
55 1 264.5
62 0 268.9
53 1 274.0
50 1 286.0
31 0 287.7
14 0 297.8
44 1 299.5
15 0 304.5
41 1 311.4
117 0 319.2
82 1 324.0
118 0 336.1
81 1 339.8
119 0 342.4
120 0 348.7
121 0 354.8
66 1 355.2
67 1 361.8
104 0 365.3
48 1 373.2
49 1 379.8
106 0 380.3
107 0 386.7
126 0 394.2
65 1 396.3
127 0 401.1
63 1 407.9
128 0 408.1
64 1 413.9
129 0 417.3
12 1 442.4
123 0 445.5
11 1 449.6
132 1 459.6
33 0 476.6
34 0 483.3
124 1 485.5
35 0 490.6
125 1 497.7
36 0 497.7
37 0 504.8
113 1 506.7
112 1 515.6
87 0 521.9
110 1 525.2
109 1 532.7
108 1 540.0
122 1 556.2
