112 0 26.8
110 0 37.9
109 0 45.5
108 0 53.1
126 0 64.5
127 0 71.6
128 0 78.4
129 0 87.8
106 0 103.1
120 0 116.1
118 0 124.9
123 0 139.9
122 0 155.5
104 0 169.7
100 0 180.4
101 0 187.5
102 0 195.1
103 0 205.6
95 0 225.4
96 0 231.9
97 0 239.5
98 0 249.4
93 0 265.6
92 0 273.3
130 0 285.4
90 0 296.6
89 0 303.7
21 0 314.6
20 0 324.6
18 0 333.8
131 0 348.6
25 0 362.7
23 0 373.3
26 0 390.6
27 0 397.7
28 0 404.6
88 0 412.6
29 0 423.0
30 0 430.0
32 0 436.7
62 0 444.2
58 0 454.8
59 0 461.4
60 0 468.8
61 0 478.8
133 0 493.9
85 0 503.6
86 0 514.5
83 0 524.1
38 0 532.9
79 0 542.9
78 0 553.6
76 0 568.7
75 0 575.3
80 0 586.4
73 0 596.9
72 0 603.7
71 0 610.7
69 0 628.1
70 0 635.4
1 0 647.1
3 0 657.8
4 0 666.0
5 0 673.6
6 0 681.6
7 0 689.7
8 0 697.9
9 0 705.0
10 0 712.5
56 0 729.9
55 0 737.2
53 0 748.0
63 0 757.9
64 0 764.4
65 0 781.0
50 0 792.8
48 0 803.8
49 0 810.1
66 0 824.3
67 0 830.8
44 0 846.6
81 0 857.4
41 0 872.2
82 0 882.3
36 0 899.5
35 0 906.4
87 0 917.9
33 0 928.8
31 0 941.2
12 0 952.7
11 0 960.2
132 0 971.3
14 0 992.7
15 0 1000.3
117 0 1015.1
124 0 1029.8
125 0 1044.8
113 0 1055.0
