24 1 40.9
78 0 42.5
45 2 43.0
23 1 47.9
44 2 51.5
25 1 58.4
81 2 67.2
26 1 70.0
27 1 76.6
8 0 81.5
41 2 81.8
28 1 83.7
9 0 88.7
82 2 92.4
10 0 96.0
89 1 101.8
132 0 103.5
83 2 104.1
90 1 108.9
84 2 111.9
11 0 114.0
91 1 116.1
85 2 120.8
12 0 121.5
130 1 123.7
13 0 129.5
92 1 133.8
86 2 136.7
93 1 141.3
94 1 148.8
38 2 150.5
113 0 151.2
95 1 156.1
36 2 160.9
112 0 160.9
96 1 162.7
35 2 169.5
97 1 170.0
125 0 176.3
98 1 179.2
79 2 188.5
99 1 192.5
100 1 199.9
31 0 202.1
101 1 206.6
76 2 208.5
29 0 212.5
102 1 214.0
75 2 217.0
88 0 223.2
103 1 223.7
80 2 228.4
104 1 237.1
32 0 238.1
73 2 239.6
105 1 243.9
33 0 245.1
72 2 248.1
106 1 250.7
34 0 251.7
71 2 256.6
107 1 257.1
87 0 260.1
126 1 264.6
127 1 271.5
69 2 273.2
62 0 276.5
128 1 278.7
70 2 282.1
58 0 287.0
129 1 287.4
59 0 293.7
3 2 299.4
60 0 301.0
108 1 301.2
4 2 308.5
109 1 308.5
61 0 310.8
110 1 316.0
5 2 317.8
111 1 323.4
133 0 325.5
6 2 327.0
115 1 334.0
53 0 336.2
7 2 336.4
124 1 341.6
56 2 345.5
50 0 351.3
116 1 351.5
55 2 354.2
118 1 358.9
119 1 365.3
53 2 365.7
66 0 370.4
120 1 371.9
63 2 376.0
67 0 377.0
121 1 377.8
64 2 384.0
48 0 390.5
122 1 391.3
49 0 397.1
65 2 399.6
123 1 404.5
50 2 412.2
65 0 417.2
117 1 417.2
48 2 423.6
63 0 430.8
15 1 431.0
49 2 431.5
64 0 437.0
16 1 437.3
131 1 445.0
66 2 445.8
67 2 454.1
17 1 455.1
18 1 462.1
19 1 468.9
15 0 475.1
