102 0 25.6
61 1 32.8
103 0 35.3
58 1 41.5
100 0 45.1
57 1 48.2
133 1 55.1
95 0 58.6
85 1 63.5
96 0 65.3
97 0 72.4
86 1 72.5
83 1 81.3
98 0 82.1
38 1 89.2
93 0 98.1
79 1 98.3
92 0 105.7
78 1 107.5
130 0 117.6
76 1 120.2
75 1 126.9
90 0 128.4
89 0 135.4
80 1 136.2
73 1 145.7
21 0 146.2
72 1 152.3
20 0 155.9
71 1 159.1
18 0 164.7
69 1 173.1
131 0 179.5
70 1 180.2
25 0 193.3
3 1 194.9
4 1 202.4
23 0 203.7
5 1 209.9
6 1 217.3
26 0 221.0
7 1 225.0
27 0 227.9
8 1 232.6
28 0 234.9
9 1 239.9
88 0 243.0
10 1 247.1
29 0 253.0
30 0 260.0
56 1 261.6
32 0 266.5
55 1 268.6
62 0 273.8
53 1 277.9
58 0 284.0
63 1 286.3
59 0 290.8
64 1 292.6
60 0 298.2
65 1 305.9
61 0 307.9
50 1 316.4
133 0 322.8
48 1 326.5
85 0 332.0
49 1 332.4
86 0 342.5
66 1 344.7
67 1 351.2
83 0 351.8
38 0 360.5
44 1 363.9
79 0 370.5
81 1 373.5
78 0 381.0
41 1 392.4
36 1 410.0
35 1 416.8
87 1 427.1
33 1 436.6
125 0 444.7
31 1 447.8
113 0 454.6
14 1 457.2
15 1 464.5
16 1 471.0
106 0 477.6
117 1 481.9
126 0 492.1
124 1 494.3
127 0 499.2
128 0 506.3
110 1 510.5
129 0 516.1
109 1 517.7
108 1 525.0
104 1 538.6
112 0 546.4
122 1 555.4
120 1 564.9
123 1 573.8
12 0 577.4
118 1 583.1
11 0 585.0
132 0 596.1
