97 1 34.7
130 0 39.3
64 2 40.4
95 1 47.4
63 2 47.8
90 0 50.2
93 1 56.9
89 0 57.3
65 2 61.7
92 1 64.4
21 0 68.0
50 2 73.9
130 1 74.9
20 0 77.6
90 1 84.6
48 2 85.3
18 0 86.6
89 1 91.5
49 2 93.3
131 0 100.9
21 1 101.2
66 2 107.0
20 1 110.2
67 2 115.2
25 0 118.3
23 0 128.5
44 2 130.0
31 1 131.5
29 1 140.7
81 2 141.3
26 0 145.5
27 0 152.5
32 1 153.6
41 2 155.9
28 0 159.4
62 1 160.5
82 2 166.4
88 0 167.0
58 1 170.0
59 1 176.6
38 2 178.1
133 1 187.1
36 2 188.6
15 0 194.3
85 1 195.7
35 2 197.2
117 0 203.7
33 2 208.1
53 1 212.0
124 0 217.5
87 2 224.0
125 0 231.5
68 1 232.5
71 1 239.7
113 0 241.2
83 2 245.7
72 1 246.6
112 0 250.9
73 1 253.4
84 2 253.5
74 1 260.3
110 0 261.7
86 2 262.3
109 0 269.3
69 1 276.4
108 0 277.1
79 2 280.9
70 1 283.7
126 0 288.3
78 2 292.0
127 0 295.3
3 1 298.4
128 0 302.1
4 1 305.7
76 2 307.0
129 0 311.5
5 1 313.2
75 2 315.4
6 1 320.8
106 0 326.1
80 2 326.6
7 1 328.4
104 0 335.4
56 1 335.8
73 2 339.1
55 1 342.7
72 2 347.4
100 0 352.3
71 2 356.0
101 0 359.2
60 1 360.6
102 0 366.4
69 2 367.7
61 1 369.6
103 0 376.6
70 2 376.7
1 2 388.7
8 1 392.4
9 1 399.4
3 2 400.0
122 0 402.3
10 1 406.5
4 2 409.2
120 0 412.4
132 1 414.0
5 2 418.4
123 0 422.1
11 1 423.4
6 2 427.7
12 1 430.8
118 0 431.9
7 2 437.1
8 2 446.3
13 0 447.5
