65 0 34.1
126 1 36.3
127 1 43.3
50 0 45.3
128 1 50.3
48 0 55.8
49 0 62.2
106 1 66.7
66 0 75.4
120 1 77.2
67 0 82.1
118 1 85.1
44 0 96.6
123 1 97.8
81 0 107.2
122 1 110.9
41 0 121.3
104 1 123.2
82 0 130.7
100 1 132.2
101 1 139.2
38 0 141.5
102 1 146.4
36 0 150.8
103 1 155.5
35 0 157.9
87 0 169.4
95 1 172.2
96 1 178.8
33 0 180.1
97 1 186.3
31 0 192.4
12 0 203.7
93 1 203.9
11 0 211.2
92 1 211.4
132 0 222.5
90 1 226.9
89 1 234.0
14 0 243.0
21 1 243.8
15 0 249.8
20 1 252.7
16 0 256.5
18 1 261.1
117 0 268.7
131 1 273.4
124 0 282.6
25 1 285.4
23 1 294.7
125 0 297.3
113 0 307.0
26 1 309.2
27 1 316.2
112 0 316.9
28 1 323.0
110 0 327.9
29 1 335.2
109 0 335.6
30 1 342.0
108 0 343.2
62 1 350.8
126 0 354.5
58 1 360.0
127 0 361.5
59 1 366.7
128 0 368.4
60 1 373.8
129 0 377.6
61 1 382.9
106 0 392.9
133 1 395.5
85 1 403.9
120 0 405.0
86 1 413.1
118 0 413.5
83 1 421.8
123 0 428.5
38 1 429.8
79 1 438.8
122 0 443.6
78 1 447.9
104 0 457.7
76 1 460.5
75 1 467.4
100 0 467.9
101 0 475.1
80 1 476.8
102 0 482.3
73 1 486.1
103 0 492.3
72 1 492.7
71 1 499.5
95 0 511.7
69 1 513.8
96 0 518.4
70 1 521.0
97 0 525.6
98 0 535.2
3 1 535.5
4 1 542.9
5 1 550.3
93 0 551.3
6 1 558.0
92 0 558.9
7 1 565.6
130 0 570.9
8 1 573.2
9 1 580.1
90 0 581.8
10 1 587.3
89 0 588.7
21 0 599.7
56 1 601.7
55 1 608.8
20 0 609.5
53 1 618.2
18 0 618.3
63 1 626.7
131 0 632.6
64 1 632.9
