3 0 40.3
12 1 44.0
4 0 48.6
13 1 50.6
5 0 57.0
14 1 57.6
15 1 64.9
6 0 65.5
102 2 69.1
16 1 71.5
8 0 76.7
101 2 78.3
129 1 82.6
9 0 84.3
100 2 90.1
11 0 91.9
130 1 94.8
131 1 100.7
109 2 106.0
132 1 116.2
81 2 122.2
124 1 125.8
47 0 130.5
82 2 131.2
42 1 134.6
108 2 140.6
48 0 141.2
125 1 145.4
83 2 151.4
39 1 153.7
36 1 164.1
67 2 170.0
34 1 174.5
54 0 175.3
66 2 179.3
55 0 183.5
122 1 184.2
62 2 191.9
56 0 191.9
121 1 194.1
115 0 200.2
63 2 200.9
119 1 205.8
118 1 212.3
123 1 222.7
60 2 226.6
74 0 232.4
116 1 232.8
59 2 236.4
75 0 240.0
52 1 244.2
58 2 246.2
53 1 251.2
110 0 254.3
57 2 256.1
111 0 261.5
104 1 263.7
78 0 277.6
79 0 285.5
72 2 286.3
84 1 288.8
85 1 294.5
112 2 300.2
107 1 302.0
134 1 312.0
113 2 315.8
114 2 324.0
87 1 325.8
88 1 332.1
18 0 334.8
69 2 337.6
19 0 343.4
91 1 344.8
20 0 351.3
92 1 352.1
21 0 357.8
89 2 358.2
93 1 359.6
106 1 367.9
22 0 370.2
90 2 370.3
127 0 377.8
94 1 378.0
95 1 384.8
128 0 385.1
23 0 398.0
97 2 398.7
24 0 405.6
98 2 410.3
49 1 412.9
37 0 416.5
45 1 422.5
38 0 428.3
46 1 429.2
105 2 430.8
133 1 440.6
32 0 449.5
31 0 457.1
29 0 468.2
123 2 475.5
28 0 475.7
47 1 476.3
27 0 483.3
48 1 485.6
25 0 495.6
121 2 495.6
