131 0 41.7
124 1 44.1
17 0 52.6
125 1 56.1
25 0 59.4
113 1 64.9
23 0 69.6
112 1 73.8
110 1 83.6
26 0 86.8
109 1 91.0
27 0 93.7
108 1 98.3
28 0 100.6
88 0 108.2
126 1 108.2
127 1 115.2
29 0 118.3
128 1 122.2
30 0 125.2
32 0 131.6
106 1 138.6
62 0 138.7
58 0 149.0
120 1 149.1
59 0 155.7
118 1 157.1
60 0 162.8
123 1 169.7
61 0 172.5
122 1 182.8
133 0 187.0
104 1 195.0
85 0 196.0
100 1 204.0
86 0 206.3
101 1 211.1
83 0 215.7
102 1 218.3
38 0 224.3
103 1 227.8
79 0 234.1
95 1 243.9
78 0 244.4
96 1 250.4
97 1 257.5
76 0 259.5
75 0 266.5
98 1 266.8
80 0 276.7
93 1 280.1
73 0 287.0
92 1 287.8
72 0 293.9
71 0 300.8
90 1 303.0
89 1 309.9
69 0 317.6
21 1 319.6
70 0 325.1
20 1 328.6
1 0 336.3
18 1 336.8
3 0 346.9
131 1 349.3
4 0 354.8
25 1 361.2
5 0 362.5
6 0 370.3
23 1 370.7
7 0 378.4
26 1 385.1
8 0 386.5
27 1 391.9
9 0 393.6
28 1 398.9
10 0 401.0
29 1 411.1
30 1 417.9
56 0 418.3
55 0 425.5
62 1 427.1
53 0 443.5
31 1 449.0
63 0 452.8
12 1 458.8
64 0 459.0
11 1 466.3
50 0 474.9
132 1 476.3
44 0 491.0
14 1 493.5
15 1 500.4
41 0 505.4
117 1 513.8
82 0 520.5
81 0 540.0
33 1 540.3
34 1 547.0
35 1 554.5
36 1 561.6
37 1 568.6
65 0 569.9
87 1 583.0
66 0 591.8
67 0 598.3
66 1 619.0
67 1 625.4
36 0 635.1
48 1 642.0
35 0 642.3
