57 0 25.0
45 1 25.7
58 0 31.8
44 1 32.5
59 0 38.4
81 1 41.8
60 0 45.5
41 1 54.3
61 0 55.1
38 1 67.7
133 0 69.6
36 1 76.4
85 0 82.3
35 1 83.3
83 1 102.0
63 0 103.0
84 1 108.2
64 0 109.2
53 1 119.6
65 0 124.5
50 0 136.0
86 1 137.3
48 0 146.4
49 0 152.7
79 1 153.0
78 1 162.5
69 0 172.9
46 1 178.0
70 0 180.4
66 1 184.8
67 1 191.2
1 0 191.6
3 0 202.2
68 1 203.6
4 0 210.0
71 1 210.9
72 1 217.6
5 0 217.8
73 1 224.4
6 0 225.5
74 1 231.4
7 0 233.7
80 1 238.9
8 0 241.3
75 1 248.1
9 0 248.7
76 1 254.8
10 0 256.1
132 0 263.4
11 0 273.9
33 1 280.7
12 0 281.6
13 0 289.5
29 1 291.0
14 0 296.4
88 1 300.5
15 0 303.3
27 1 309.6
16 0 310.0
26 1 316.2
17 1 327.5
89 0 333.0
131 1 337.3
90 0 340.1
91 0 347.4
92 0 355.4
124 1 357.4
93 0 363.0
94 0 371.0
110 1 373.2
95 0 378.2
109 1 380.6
96 0 384.9
108 1 387.8
99 0 398.2
126 1 398.3
127 1 405.2
100 0 405.7
128 1 412.3
101 0 412.7
102 0 420.2
106 1 428.6
103 0 430.2
104 1 437.0
97 1 452.4
130 0 461.4
98 1 461.4
122 1 483.9
120 1 493.1
117 0 501.6
123 1 502.1
118 1 511.3
113 0 517.9
112 0 527.5
18 1 530.5
19 1 537.1
125 0 542.7
21 1 547.8
22 1 554.9
23 1 562.8
31 0 568.4
32 0 577.6
62 1 583.9
55 0 595.5
56 1 598.7
55 1 610.6
31 1 628.9
