87 0 21.7
65 1 24.0
33 0 31.8
50 1 34.1
31 0 43.7
48 1 43.8
49 1 49.9
12 0 54.5
66 1 61.7
11 0 62.3
67 1 68.1
132 0 73.0
45 1 79.2
44 1 86.2
14 0 94.2
81 1 95.8
15 0 101.7
16 0 108.4
41 1 108.5
117 0 120.5
38 1 122.7
36 1 131.7
124 0 135.2
35 1 138.5
87 1 148.9
125 0 151.0
33 1 159.2
113 0 161.0
31 1 170.2
112 0 171.1
12 1 180.3
110 0 182.4
11 1 187.6
109 0 189.9
108 0 197.6
132 1 198.0
126 0 208.8
14 1 214.6
127 0 215.9
15 1 221.8
128 0 223.0
16 1 228.1
129 0 232.4
117 1 239.2
106 0 247.2
124 1 251.0
120 0 259.2
125 1 263.4
118 0 267.7
113 1 272.4
112 1 281.5
123 0 282.5
110 1 291.3
122 0 297.8
109 1 298.8
108 1 306.0
104 0 312.2
126 1 316.1
100 0 322.4
127 1 323.0
101 0 329.5
128 1 330.1
102 0 336.7
129 1 338.8
103 0 346.9
106 1 351.6
120 1 362.3
95 0 366.3
118 1 370.5
96 0 372.8
97 0 380.2
123 1 383.1
98 0 389.8
122 1 396.6
93 0 405.7
104 1 408.5
92 0 413.5
100 1 417.8
101 1 424.8
130 0 425.5
102 1 432.2
90 0 436.3
103 1 441.4
89 0 443.4
21 0 454.0
95 1 457.8
20 0 463.8
96 1 464.4
97 1 471.5
18 0 472.6
98 1 480.5
131 0 487.4
93 1 494.0
25 0 501.2
92 1 501.6
23 0 511.8
90 1 516.7
89 1 523.8
26 0 528.8
21 1 533.3
27 0 535.8
20 1 542.6
28 0 542.8
88 0 550.4
18 1 551.0
29 0 560.5
131 1 563.3
62 0 572.6
25 1 575.4
58 0 582.9
23 1 585.0
59 0 589.8
60 0 596.8
26 1 599.3
27 1 606.2
61 0 606.4
28 1 613.0
88 1 620.6
133 0 621.0
29 1 630.0
85 0 630.1
30 1 636.8
86 0 640.4
62 1 645.7
83 0 649.8
58 1 654.9
38 0 658.3
59 1 661.5
79 0 668.0
60 1 668.6
61 1 677.8
78 0 678.4
133 1 690.5
76 0 693.6
85 1 698.8
75 0 700.4
86 1 708.2
80 0 710.9
83 1 717.1
73 0 721.1
72 0 728.0
79 1 729.2
71 0 734.9
78 1 738.7
69 0 751.4
76 1 751.4
75 1 758.2
70 0 758.8
80 1 767.6
1 0 770.1
73 1 776.9
3 0 780.5
72 1 783.7
4 0 788.4
71 1 790.4
5 0 796.1
6 0 803.9
69 1 804.5
70 1 811.8
7 0 812.0
8 0 819.7
3 1 826.5
9 0 827.1
4 1 833.9
5 1 841.4
56 0 847.2
6 1 848.8
55 0 854.4
7 1 856.7
8 1 864.2
53 0 864.7
9 1 871.4
63 0 874.0
64 0 880.2
56 1 888.4
