123 1 42.4
1 0 47.7
10 3 49.0
126 2 51.4
118 1 52.0
2 0 54.6
11 3 58.7
119 1 58.9
29 2 63.2
3 0 63.2
120 1 65.6
8 3 68.8
4 0 71.8
121 1 71.8
28 2 72.0
12 3 80.2
27 2 81.1
122 1 84.3
13 3 87.8
5 0 88.7
25 2 93.7
32 1 93.8
14 3 95.6
12 0 97.4
31 1 100.4
26 2 103.3
13 0 104.5
126 1 109.8
14 0 112.3
47 3 114.0
1 2 116.4
29 1 119.1
15 0 119.9
48 3 124.4
28 1 125.6
16 0 127.4
3 2 128.5
27 1 132.3
17 0 135.7
4 2 138.2
25 1 142.2
18 0 144.5
5 2 148.1
26 1 149.3
102 3 156.2
6 2 158.0
101 3 163.8
7 2 167.9
38 0 169.0
100 3 174.2
39 0 184.5
133 1 187.1
78 3 189.0
40 0 192.1
125 0 199.4
45 2 207.2
41 0 208.6
81 3 210.3
74 1 213.8
42 0 215.7
46 2 216.0
82 3 217.8
75 1 219.9
43 0 222.4
108 3 224.9
132 0 231.5
110 1 232.0
83 3 234.3
52 2 237.7
111 1 238.1
133 0 244.2
53 2 247.2
98 3 247.4
72 1 251.6
54 0 267.9
55 0 276.2
60 1 277.0
95 2 280.6
135 3 281.4
59 1 284.3
56 0 284.5
94 2 289.8
87 3 291.2
58 1 291.5
115 0 292.8
88 3 298.4
57 1 299.0
106 2 302.6
89 3 307.8
90 3 318.4
104 1 322.6
105 1 332.0
91 3 335.9
84 0 337.1
116 2 342.9
85 0 343.8
92 3 344.2
117 2 352.0
107 0 352.0
93 3 352.8
109 1 357.9
106 3 361.4
134 0 362.6
34 2 375.0
92 0 383.3
35 2 383.7
93 0 391.6
107 3 396.5
37 2 397.1
20 1 403.0
91 0 404.9
21 1 409.1
127 2 410.9
128 2 419.8
69 0 421.1
37 1 423.4
109 3 425.9
70 0 428.9
34 1 435.5
113 0 435.8
114 0 442.3
129 2 442.4
71 0 455.0
130 2 457.1
127 1 458.2
105 3 460.0
112 0 463.8
128 1 464.4
131 2 465.6
116 3 479.0
129 1 483.6
117 3 486.4
130 1 495.6
109 0 496.2
131 1 501.6
34 3 511.0
84 2 517.5
35 3 518.2
85 2 525.9
105 0 530.2
37 3 530.3
134 2 535.3
127 3 543.7
67 2 547.2
84 1 547.7
116 0 549.2
128 3 550.9
85 1 553.4
66 2 556.3
117 0 556.3
134 1 560.7
62 2 568.8
129 3 575.7
62 1 577.3
63 2 577.8
34 0 581.2
63 1 583.9
64 2 587.0
130 3 589.9
131 3 596.7
127 0 604.7
128 0 612.0
69 2 616.1
