2 0 29.0
11 1 32.8
29 2 33.2
3 0 37.6
8 1 41.4
28 2 42.3
4 0 46.0
12 1 50.7
27 2 51.3
5 0 54.5
13 1 57.6
6 0 63.1
25 2 64.1
14 1 64.3
15 1 71.5
7 0 71.7
26 2 73.6
16 1 78.0
8 0 79.6
130 1 84.3
1 2 86.4
9 0 87.3
131 1 90.4
10 0 95.0
3 2 98.7
17 1 100.7
11 0 104.9
129 1 108.2
4 2 108.5
5 2 118.2
6 2 128.2
12 0 128.4
18 1 129.6
19 1 136.9
132 0 137.9
7 2 138.2
20 1 143.6
21 1 149.3
133 0 153.4
22 1 159.4
45 0 163.4
23 1 165.9
46 0 170.6
24 1 172.7
47 0 178.5
100 2 179.0
37 1 181.5
48 0 188.9
81 2 190.9
34 1 193.3
82 2 199.8
32 1 202.6
49 0 205.8
108 2 208.8
31 1 209.1
50 0 213.7
83 2 219.5
52 0 223.7
122 1 225.5
84 2 228.1
53 0 231.5
119 1 235.1
85 2 236.4
54 0 240.2
118 1 241.6
107 2 245.9
55 0 248.3
116 1 250.8
56 0 256.9
134 2 257.9
51 1 259.3
115 0 265.0
104 1 265.9
102 1 274.8
57 0 276.4
62 2 277.8
101 1 281.5
58 0 284.7
63 2 287.0
59 0 293.1
64 2 296.1
109 1 298.3
60 0 301.8
65 2 307.3
61 0 310.3
66 0 318.4
105 1 322.0
67 0 326.1
135 2 331.4
68 0 333.9
69 0 341.8
87 2 342.3
123 1 342.5
70 0 349.2
88 2 351.0
113 0 356.0
121 1 358.5
89 2 360.2
114 0 362.8
42 1 366.4
90 2 371.9
43 1 372.5
71 0 375.1
124 1 379.4
112 0 384.2
91 2 389.1
125 1 393.8
72 0 396.3
92 2 398.7
39 1 402.3
73 0 405.0
93 2 408.7
74 0 412.0
38 1 414.8
106 2 418.9
75 0 418.9
76 0 430.5
127 1 431.0
94 2 431.2
128 1 437.2
110 0 437.7
95 2 440.3
111 0 445.0
96 2 449.7
77 0 457.8
97 2 458.3
78 0 465.1
132 1 465.3
79 0 473.0
98 2 473.7
133 1 478.4
45 1 486.7
46 1 493.0
105 2 495.2
47 1 499.8
109 0 502.4
48 1 508.8
80 0 514.3
45 2 519.4
81 0 522.1
49 1 522.4
46 2 528.2
82 0 529.6
52 1 533.7
108 0 536.7
47 2 537.5
53 1 540.5
83 0 546.2
54 1 547.9
48 2 549.2
84 0 552.9
55 1 555.1
85 0 559.8
56 1 562.4
133 2 565.0
107 0 567.7
57 1 574.7
132 2 576.0
134 0 578.5
58 1 581.9
124 2 587.8
59 1 589.3
60 1 596.7
42 2 599.2
62 0 599.7
61 1 604.2
63 0 607.4
62 1 611.4
125 2 612.0
64 0 614.7
63 1 618.1
39 2 622.8
36 2 635.6
68 1 642.8
37 2 645.0
69 1 649.8
87 0 651.5
70 1 656.4
88 0 659.0
20 2 660.4
113 1 662.6
89 0 666.6
114 1 668.6
21 2 669.0
90 0 677.0
71 1 679.1
127 2 683.8
112 1 686.4
128 2 692.3
91 0 694.5
72 1 696.9
92 0 702.8
73 1 704.2
74 1 710.8
93 0 711.4
75 1 716.9
38 2 718.3
106 0 720.2
76 1 726.9
94 0 731.7
110 1 733.2
34 2 733.6
95 0 739.3
111 1 739.4
32 2 745.2
96 0 747.2
77 1 750.4
97 0 754.0
31 2 754.2
78 1 756.8
81 1 769.3
98 0 769.4
122 2 774.0
82 1 775.8
99 0 777.6
100 0 785.0
121 2 786.0
83 1 786.1
84 1 792.2
85 1 798.3
119 2 800.5
101 0 801.2
107 1 805.2
102 0 808.6
118 2 809.6
134 1 814.7
103 0 816.2
123 2 822.4
135 1 823.5
105 0 824.4
87 1 831.6
116 2 834.5
104 0 835.2
88 1 838.1
89 1 844.9
116 0 848.2
52 2 848.2
90 1 853.8
117 0 855.2
53 2 857.4
123 0 863.9
54 2 867.3
91 1 867.8
92 1 875.0
118 0 875.6
55 2 877.0
93 1 882.4
119 0 883.2
56 2 887.0
106 1 890.2
120 0 890.8
115 2 896.5
121 0 897.7
94 1 899.9
95 1 906.7
42 0 907.0
57 2 908.7
96 1 913.5
124 0 917.4
58 2 918.5
97 1 919.7
59 2 928.4
98 1 932.2
125 0 934.7
60 2 938.4
39 0 944.6
36 0 956.4
69 2 959.2
38 0 964.7
70 2 968.3
37 0 976.1
113 2 976.9
114 2 985.3
127 0 989.5
128 0 996.5
71 2 998.6
112 2 1008.3
20 0 1011.3
21 0 1018.4
72 2 1021.7
73 2 1031.6
24 0 1036.1
74 2 1040.5
75 2 1049.0
