62 0 8.5
38 2 11.6
29 1 15.9
28 1 22.4
27 1 29.1
58 2 35.0
37 0 36.3
20 1 44.4
57 2 47.1
21 1 50.8
63 0 56.1
64 0 63.6
34 1 73.0
49 2 75.6
18 0 79.9
32 1 82.0
50 2 87.2
31 1 88.7
65 0 92.9
66 0 107.0
39 1 109.1
67 0 114.1
40 1 115.7
8 2 115.9
42 1 124.4
9 2 125.0
15 0 125.8
43 1 130.4
10 2 134.4
44 0 136.8
60 1 137.7
11 2 145.5
45 0 153.3
55 1 154.0
46 0 159.8
54 1 160.7
47 0 167.7
59 1 171.0
48 0 174.9
61 2 181.5
51 0 189.8
39 2 192.3
52 0 198.1
38 1 201.9
53 0 206.8
37 2 213.9
25 1 219.0
24 2 225.4
26 1 226.2
13 0 231.8
25 2 235.4
1 1 236.3
12 0 239.7
26 2 244.9
3 1 246.0
6 0 251.9
4 1 253.2
5 0 260.4
5 1 260.8
3 2 263.5
6 1 268.4
4 0 269.1
7 1 275.6
5 2 276.6
3 0 277.4
8 1 282.8
6 2 286.3
9 1 289.5
26 0 290.4
10 1 296.4
25 0 298.6
11 1 304.9
15 2 307.5
16 2 316.6
20 0 318.4
12 1 318.8
66 2 325.2
13 1 325.6
21 0 325.8
14 1 332.6
67 2 333.7
44 1 339.5
17 2 347.0
34 0 354.0
61 1 354.2
65 2 357.0
32 0 364.7
58 1 368.7
18 2 370.3
31 0 372.1
19 2 380.3
20 2 389.2
52 1 391.7
58 0 393.1
21 2 398.0
51 1 398.9
55 0 404.6
47 1 408.9
22 2 410.3
54 0 412.1
48 1 415.5
63 2 419.4
49 1 422.4
59 0 424.5
64 2 428.3
50 1 431.5
45 1 444.5
57 0 445.0
15 1 452.8
42 0 454.2
32 2 457.5
16 1 459.6
66 1 465.9
31 2 466.6
67 1 472.0
8 0 481.3
17 1 482.5
9 0 488.8
65 1 490.4
10 0 496.4
18 1 500.6
60 2 502.4
11 0 506.4
63 1 512.2
64 1 518.6
51 2 533.7
52 2 543.4
49 0 544.5
53 2 553.5
50 0 555.0
59 2 563.7
54 2 576.3
60 0 583.2
55 2 585.4
61 0 601.2
39 0 610.7
38 0 626.9
1 0 659.7
