62 0 7.9
38 2 10.2
29 1 15.5
28 1 21.9
25 2 33.0
38 1 40.4
26 2 42.9
3 0 47.1
39 1 53.4
1 2 55.7
4 0 55.7
40 1 60.0
5 0 64.1
6 0 72.5
7 0 81.3
20 2 82.9
8 1 84.6
12 0 89.3
9 1 91.3
21 2 91.5
13 0 97.2
10 1 98.1
14 0 104.9
11 1 106.8
44 0 112.7
58 2 122.6
45 0 129.3
57 2 134.9
49 1 135.9
46 0 136.3
47 0 144.5
50 1 144.9
61 2 148.4
48 0 151.6
42 2 161.6
51 0 166.8
60 2 172.7
52 0 175.4
34 1 176.4
53 0 183.8
32 1 186.1
31 1 192.7
55 2 192.8
54 2 201.8
15 0 208.5
59 2 215.0
16 0 216.4
66 0 223.1
63 1 226.0
67 0 230.1
64 1 232.6
15 2 241.4
17 0 242.9
18 1 246.4
16 2 250.6
65 0 251.9
