2 0 35.8
9 1 37.5
73 2 40.8
3 0 44.4
8 1 44.7
72 2 49.9
4 0 52.7
56 1 54.5
71 2 58.8
5 0 61.1
55 1 61.3
6 0 69.7
53 1 70.7
69 2 76.5
7 0 78.4
63 1 79.1
64 1 85.1
70 2 86.1
8 0 86.8
9 0 94.6
65 1 98.4
1 2 98.8
10 0 102.6
3 2 111.1
50 1 116.2
4 2 120.9
56 0 121.1
55 0 129.0
5 2 130.7
78 1 137.6
53 0 140.0
6 2 140.7
79 1 147.0
63 0 149.9
7 2 150.6
36 1 156.4
64 0 156.6
35 1 163.2
12 1 184.0
45 0 186.5
66 2 189.3
11 1 191.3
44 0 192.5
67 2 198.3
132 1 201.1
81 0 203.7
48 2 212.8
49 2 221.6
76 0 224.9
113 1 230.4
75 0 232.4
112 1 239.4
85 2 249.7
125 1 252.7
133 2 266.1
87 0 270.6
120 1 270.8
121 1 276.8
62 2 277.0
33 0 281.9
104 1 286.5
31 2 290.8
29 0 294.6
93 1 298.9
14 2 302.6
88 0 305.7
92 1 306.2
117 2 311.6
90 1 316.1
89 1 323.0
118 2 329.7
119 2 338.2
18 0 338.3
130 1 340.0
19 0 345.5
20 0 352.7
15 2 356.3
95 1 358.6
21 0 362.7
96 1 365.0
16 2 365.1
22 0 370.7
97 1 372.0
17 2 375.1
23 0 379.2
98 1 380.9
25 2 384.1
26 2 395.6
100 1 397.0
101 1 403.5
27 2 404.7
102 1 410.5
28 2 413.7
103 1 419.5
122 0 422.3
131 2 438.8
106 0 439.5
108 1 442.7
107 0 446.2
109 1 449.7
126 0 454.2
110 1 457.0
127 0 461.7
124 1 475.4
128 2 488.7
129 2 499.8
38 1 511.7
39 1 518.0
58 0 523.3
40 1 524.5
123 2 527.5
59 0 530.8
83 1 533.2
60 0 538.4
84 1 539.2
86 1 546.2
61 0 548.9
58 1 564.3
59 1 570.1
83 0 575.6
60 1 576.9
41 2 576.9
38 0 584.8
61 1 585.9
42 2 586.1
40 0 599.2
82 2 600.2
41 0 606.9
128 1 635.5
86 0 636.9
129 1 644.1
123 1 667.8
41 1 712.9
