122 0 63.8
81 3 68.3
95 2 69.6
78 1 76.4
96 2 77.8
41 1 85.3
104 0 86.1
83 1 99.0
133 3 100.4
93 2 100.6
84 1 105.2
108 0 107.1
58 3 109.2
92 2 109.6
85 1 112.4
109 0 114.6
59 3 115.9
130 2 122.1
110 0 122.3
60 1 128.4
62 3 128.8
111 0 130.0
90 2 133.7
61 1 137.3
89 2 142.4
112 0 143.2
21 2 154.0
53 3 154.6
31 1 156.3
63 3 163.8
12 1 166.1
20 2 169.1
64 3 170.1
11 1 173.5
23 2 185.1
65 3 185.6
125 0 190.2
24 2 193.9
56 1 195.2
50 3 197.0
55 1 202.1
25 2 202.6
124 0 204.3
48 3 207.3
49 3 213.9
86 1 215.7
26 2 217.5
118 0 217.9
119 0 224.2
27 2 225.8
66 3 227.1
38 1 227.6
120 0 230.5
67 3 233.6
28 2 234.4
36 1 236.1
35 1 245.9
44 3 248.2
88 2 253.0
102 0 261.4
79 1 262.0
76 3 268.7
33 2 270.1
103 0 271.5
75 1 273.8
34 2 278.4
80 3 280.2
73 1 287.2
87 2 288.0
72 1 294.3
71 3 295.7
126 0 297.7
127 0 304.8
69 1 306.0
14 2 310.3
70 3 310.4
128 0 311.7
15 2 318.8
129 0 320.9
1 3 321.4
3 1 322.9
16 2 326.9
4 1 330.4
3 3 331.7
5 1 337.8
18 2 338.8
4 3 339.5
6 1 345.3
5 3 347.3
123 0 350.9
6 3 355.2
131 2 357.6
7 3 363.3
117 0 365.8
123 2 381.7
9 0 389.4
8 0 396.6
