1 0 62.4
87 1 66.4
80 2 68.1
9 3 69.3
2 0 76.6
8 3 77.5
73 2 82.4
72 2 91.5
124 1 99.6
71 2 100.5
62 3 103.7
110 1 115.5
133 0 117.1
31 3 117.4
69 2 118.0
109 1 122.7
70 2 127.7
14 3 128.4
108 1 129.9
15 3 135.6
126 1 140.1
1 2 140.5
27 0 142.2
16 3 142.7
127 1 147.0
26 0 149.7
3 2 152.7
128 1 153.5
117 3 156.0
25 0 160.1
129 1 162.2
4 2 162.4
5 2 172.2
106 1 175.1
6 2 182.0
29 3 182.3
104 1 183.6
12 0 184.6
7 2 192.3
11 0 192.8
97 1 199.5
56 2 201.7
132 0 204.7
98 1 208.6
89 3 209.9
55 2 210.8
90 3 217.5
85 2 222.8
91 3 225.6
122 1 232.4
92 3 234.1
53 2 239.6
120 1 241.6
93 3 242.6
113 0 243.0
123 1 250.3
63 2 250.7
94 3 251.2
112 0 253.6
95 3 258.8
64 2 259.1
118 1 259.4
96 3 266.0
125 0 269.9
65 2 275.7
99 3 280.3
35 1 285.6
100 3 288.3
50 2 288.6
36 1 292.4
101 3 295.8
37 1 299.2
131 0 300.7
48 2 301.0
102 3 303.7
38 1 305.4
49 2 309.4
39 1 311.6
103 3 314.6
18 0 316.4
83 1 317.9
19 0 323.7
84 1 323.9
66 2 324.2
20 0 331.0
86 1 331.0
67 2 333.1
21 0 340.9
40 1 343.5
130 3 348.3
44 2 348.9
22 0 349.2
82 1 349.8
23 0 357.6
41 1 358.0
81 2 361.1
42 1 364.8
78 1 377.4
76 2 381.0
88 3 386.9
79 1 386.9
75 2 390.1
58 0 393.5
59 0 400.8
33 3 406.1
60 0 408.5
34 3 413.3
61 0 419.0
60 1 423.1
87 2 424.1
