37 0 60.5
15 3 61.5
66 2 62.6
48 1 63.5
36 0 67.2
16 3 68.2
49 1 69.5
67 2 70.7
35 0 74.2
117 3 80.4
87 0 85.5
45 1 89.8
124 3 94.1
33 0 96.0
44 1 96.2
81 1 105.5
31 0 107.9
125 3 108.2
60 2 113.2
113 3 117.7
41 1 118.1
12 0 118.9
61 2 124.0
112 3 127.6
11 0 129.8
38 1 131.8
110 3 138.4
36 1 140.4
109 3 146.0
35 1 147.1
8 2 150.2
108 3 153.7
87 1 157.2
9 2 159.0
126 3 164.9
33 1 166.7
10 2 167.8
122 0 169.0
127 3 172.0
31 1 177.2
128 3 178.9
104 0 183.0
129 3 188.3
93 0 197.1
117 1 197.6
106 3 203.0
92 0 204.9
113 2 206.6
15 1 210.3
120 3 215.0
16 1 217.0
112 2 217.4
118 3 223.6
131 1 224.3
95 0 226.9
125 2 232.4
96 0 233.7
17 1 234.6
123 3 238.4
97 0 240.8
18 1 241.5
124 2 246.7
19 1 248.4
98 0 250.4
122 3 253.7
21 1 258.8
22 1 266.0
104 3 267.8
100 0 269.1
23 1 273.5
101 0 276.0
132 2 279.1
24 1 280.8
93 3 282.0
25 1 287.8
92 3 289.6
106 0 294.5
26 1 300.4
107 0 300.8
130 3 301.6
27 1 307.1
108 0 308.9
90 3 312.3
28 1 314.0
109 0 316.4
79 2 317.2
89 3 319.5
110 0 324.2
29 1 325.7
76 2 328.7
111 0 331.9
62 1 336.3
75 2 337.2
58 1 345.5
80 2 348.4
59 1 352.4
126 0 353.6
73 2 359.6
127 0 360.7
133 1 362.9
128 0 367.5
72 2 367.9
63 3 368.0
85 1 371.6
64 3 374.1
71 2 376.4
129 0 376.9
86 1 380.6
69 2 388.3
83 1 389.4
65 3 389.7
70 2 397.5
50 3 401.0
79 1 401.4
78 1 410.7
123 0 413.6
76 1 423.4
75 1 430.1
3 3 431.7
78 2 432.0
15 0 433.6
4 3 439.5
80 1 439.6
16 0 440.3
5 3 447.2
131 0 447.9
73 1 448.8
6 3 455.1
72 1 455.6
86 2 456.1
17 0 459.1
71 1 462.3
7 3 463.2
18 0 466.4
19 0 473.3
69 1 476.1
6 2 479.9
20 0 480.0
70 1 483.6
5 2 489.1
21 0 489.2
22 0 496.7
3 1 498.1
4 2 498.3
89 0 504.1
4 1 508.4
90 0 511.0
3 2 513.9
5 1 515.1
6 1 522.6
102 0 542.6
