87 1 65.7
1 0 66.4
80 2 68.6
9 3 70.9
2 0 73.3
33 1 75.1
8 3 79.1
73 2 80.5
3 0 82.0
31 1 85.7
72 2 89.3
4 0 90.5
56 3 90.6
12 1 95.5
55 3 98.3
71 2 98.5
5 0 99.0
11 1 102.7
6 0 107.4
53 3 109.3
132 1 112.6
69 2 115.8
7 0 125.1
70 2 125.4
14 1 130.0
85 3 132.8
15 1 136.9
1 2 138.4
16 1 143.1
11 0 144.4
133 3 149.2
3 2 150.6
12 0 159.3
58 3 160.0
4 2 160.3
131 1 163.6
13 0 167.7
60 3 169.8
5 2 170.3
17 1 174.1
117 0 178.2
61 3 180.0
6 2 180.1
18 1 180.8
19 1 187.4
124 0 193.4
7 2 193.4
21 1 198.1
22 1 205.0
86 3 207.9
23 1 212.5
83 3 218.1
24 1 219.4
118 0 220.3
26 1 226.3
38 3 227.1
119 0 227.3
27 1 232.9
113 2 233.7
123 0 235.5
79 3 237.7
28 1 239.7
112 2 245.2
120 0 246.1
88 1 246.8
121 0 252.6
29 1 256.0
36 3 256.7
122 0 261.5
35 3 264.2
104 0 276.6
93 0 292.0
43 1 295.8
92 0 300.2
44 1 302.7
40 2 302.8
50 3 303.9
41 2 311.9
45 1 312.2
130 0 313.0
42 2 321.0
66 3 324.4
90 0 324.8
81 1 326.4
78 2 330.3
67 3 331.3
89 0 332.3
76 1 344.5
48 3 345.7
75 1 351.1
49 3 352.6
95 0 365.5
96 0 372.8
97 0 380.4
75 3 386.9
98 0 391.0
76 3 394.3
25 1 396.7
100 0 411.3
101 0 418.8
125 1 423.4
102 0 426.8
110 1 436.9
103 0 437.8
109 1 444.2
108 1 451.4
126 1 461.6
106 0 465.4
127 1 468.4
107 0 472.3
128 1 474.9
126 0 480.2
110 3 480.8
127 0 487.8
109 3 489.0
128 0 495.2
108 3 497.3
