87 1 62.3
1 0 66.2
80 2 68.1
9 3 68.5
33 1 71.8
2 0 73.4
8 3 76.7
73 2 79.9
3 0 81.8
31 1 82.4
56 3 88.1
72 2 88.7
4 0 90.5
12 1 92.1
55 3 95.9
71 2 97.8
5 0 98.9
11 1 99.4
53 3 106.9
6 0 107.3
132 1 109.4
69 2 115.3
7 0 123.8
70 2 124.9
14 1 126.8
85 3 130.6
15 1 133.3
1 2 137.9
16 1 139.8
11 0 142.9
133 3 147.0
3 2 150.0
12 0 153.8
62 3 157.0
4 2 159.6
113 1 160.3
13 0 162.3
112 1 169.3
5 2 169.6
31 3 170.3
6 2 179.5
29 3 182.1
7 2 189.5
125 1 190.6
88 3 192.9
8 2 199.2
35 0 200.9
27 3 203.7
36 0 208.5
9 2 208.7
26 3 211.4
37 0 216.2
10 2 218.3
25 3 222.1
79 0 224.4
133 1 232.3
78 0 235.4
23 3 238.7
89 3 249.9
38 1 251.0
41 0 251.0
50 2 254.9
90 3 257.7
82 0 261.2
91 3 265.5
43 1 267.2
65 2 272.9
83 0 273.0
44 1 274.1
130 3 274.6
84 0 279.6
45 1 280.8
92 3 286.7
46 1 287.6
86 0 287.8
47 1 293.9
93 3 295.0
83 2 297.8
48 1 300.1
94 3 303.5
49 1 306.3
40 2 308.8
95 3 311.4
65 0 315.8
82 2 317.4
66 1 318.1
96 3 318.5
67 1 324.5
97 3 326.4
50 0 328.1
86 2 334.8
98 3 336.8
66 0 341.9
81 1 342.5
67 0 349.4
99 3 353.6
58 2 355.5
76 1 359.4
100 3 361.6
59 2 364.3
75 1 365.9
101 3 369.2
60 2 373.6
102 3 376.9
61 2 385.1
103 3 387.8
38 0 393.2
104 3 405.0
