123 1 48.0
1 0 49.8
10 3 51.0
126 2 51.5
2 0 56.8
118 1 57.6
11 3 60.9
29 2 63.1
119 1 64.1
3 0 65.4
8 3 70.8
120 1 71.1
28 2 72.1
4 0 73.9
121 1 77.4
27 2 81.2
12 3 82.3
5 0 82.3
122 1 89.7
13 3 90.1
6 0 90.8
25 2 93.9
14 3 97.8
32 1 99.4
7 0 99.5
26 2 103.4
15 3 105.5
31 1 105.9
8 0 107.6
16 3 113.0
9 0 114.9
126 1 115.4
1 2 116.3
130 3 119.8
10 0 122.5
29 1 124.5
131 3 126.6
3 2 128.4
28 1 131.1
11 0 132.3
27 1 137.7
4 2 138.4
17 3 139.0
25 1 147.8
129 3 147.9
12 0 149.5
5 2 153.6
26 1 154.7
13 0 158.2
18 3 167.9
3 1 169.9
132 2 172.4
19 3 176.5
4 1 178.1
5 1 184.8
127 3 186.2
133 2 189.1
6 1 192.0
128 3 193.5
7 1 199.6
45 2 199.9
57 0 202.0
23 3 206.2
46 2 208.7
58 0 210.4
24 3 213.4
133 1 213.6
59 0 218.8
49 2 223.0
37 3 224.0
47 1 225.9
60 0 227.4
50 2 232.4
48 1 235.0
61 0 236.1
51 2 241.0
62 0 244.0
125 3 245.1
52 2 250.4
63 0 251.7
41 3 254.2
64 0 259.1
53 2 259.7
54 1 260.8
42 3 261.2
55 1 267.8
43 3 267.9
65 0 269.0
56 1 275.1
124 3 276.1
66 0 286.0
84 2 286.6
132 3 292.6
67 0 293.6
85 2 295.0
68 0 301.5
109 1 302.6
133 3 302.8
107 2 304.4
134 0 312.4
45 3 312.6
80 1 312.6
81 1 319.6
46 3 319.7
82 1 326.1
69 0 326.4
47 3 327.4
101 2 332.9
70 0 334.0
48 3 337.9
100 1 341.0
102 2 341.8
71 0 342.2
98 1 350.4
103 2 351.0
72 0 351.0
49 3 354.8
73 0 359.5
97 1 359.7
105 2 360.7
50 3 362.6
74 0 366.6
51 3 369.4
95 1 371.3
104 2 372.4
75 0 373.7
52 3 377.1
94 1 378.0
53 3 384.9
76 0 385.3
116 2 385.9
106 1 388.0
77 0 392.8
54 3 393.5
117 2 394.6
92 1 398.4
55 3 401.8
91 1 405.5
78 0 406.3
56 3 410.4
79 0 413.8
87 1 415.5
34 2 417.7
115 3 418.3
88 1 422.0
35 2 426.5
89 1 428.8
57 3 429.8
110 0 430.7
36 2 436.5
90 1 437.7
111 0 437.9
58 3 438.2
59 3 446.5
135 1 450.8
20 2 454.8
60 3 454.9
112 0 462.3
21 2 463.3
61 3 463.8
62 3 471.7
113 0 476.9
63 3 479.4
114 0 483.7
38 2 486.2
64 3 486.8
104 1 489.8
65 3 496.6
102 1 498.9
39 2 502.1
135 0 502.1
101 1 505.4
40 2 511.0
87 0 512.2
66 3 513.6
88 0 519.4
67 3 521.4
105 1 521.8
89 0 527.0
68 3 529.2
69 3 536.9
116 1 537.1
127 2 537.2
90 0 537.5
70 3 544.4
128 2 545.9
113 3 551.2
91 0 555.0
114 3 557.9
125 1 558.3
92 0 563.3
39 1 566.4
71 3 570.6
93 0 572.0
36 1 576.3
112 3 579.2
125 2 579.6
106 0 580.6
38 1 583.6
41 2 590.5
72 3 591.6
94 0 592.3
37 1 593.2
42 2 599.1
95 0 599.8
73 3 600.2
127 1 604.3
74 3 607.1
96 0 607.5
124 2 610.0
128 1 610.4
75 3 614.0
97 0 614.6
20 1 622.4
76 3 625.7
21 1 628.9
98 0 629.8
110 3 632.9
99 0 638.0
111 3 640.2
101 0 645.8
110 2 648.3
77 3 652.9
102 0 653.2
34 1 654.8
111 2 656.9
103 0 660.7
78 3 666.4
105 0 668.7
74 2 671.6
79 3 673.9
42 1 674.5
104 0 679.8
43 1 680.4
75 2 680.5
109 3 682.3
124 1 687.3
116 0 692.3
72 2 694.2
80 3 694.3
117 0 699.5
81 3 702.3
112 2 707.5
82 3 709.7
108 3 716.9
113 2 722.2
125 0 724.1
83 3 726.1
72 1 728.7
114 2 730.5
84 3 733.2
39 0 733.8
85 3 739.8
70 1 739.9
69 2 743.2
36 0 745.7
107 3 748.0
38 0 754.0
113 1 754.2
135 2 754.7
134 3 758.7
114 1 760.4
37 0 765.4
87 2 765.5
135 3 768.9
112 1 773.8
88 2 774.3
87 3 778.5
127 0 778.5
89 2 783.7
88 3 785.7
128 0 785.9
74 1 789.1
75 1 795.0
90 3 799.6
20 0 800.3
91 2 805.6
110 1 807.0
21 0 807.3
111 1 813.3
92 2 815.3
91 3 817.0
24 0 825.1
93 2 825.3
92 3 825.4
93 3 834.0
106 2 835.5
34 0 845.7
94 2 847.8
95 3 853.0
96 2 859.9
97 3 863.8
42 0 870.8
108 2 874.5
43 0 877.3
98 3 878.3
124 0 885.5
99 3 886.6
100 2 890.5
100 3 894.7
101 3 910.4
102 3 917.9
103 3 925.4
105 3 933.5
100 0 938.6
104 3 944.5
108 0 955.0
116 3 957.1
117 3 964.3
34 3 1009.9
20 3 1041.4
21 3 1048.4
38 3 1073.3
