32 0 54.4
130 2 54.5
121 1 54.5
45 3 55.5
120 1 61.1
44 3 62.2
90 2 70.0
33 0 70.4
34 0 76.6
123 1 78.0
81 3 78.4
89 2 78.7
87 0 84.5
118 1 87.2
117 1 95.6
76 3 97.6
62 0 100.8
75 3 104.6
15 1 108.9
58 0 111.3
35 2 112.9
80 3 115.2
16 1 115.4
59 0 118.1
36 2 121.5
17 1 123.2
60 0 125.5
73 3 125.6
37 2 130.1
18 1 130.9
72 3 132.5
61 0 135.3
19 1 137.7
38 2 138.5
71 3 139.4
39 2 146.5
21 1 148.6
133 0 150.0
83 2 155.2
22 1 155.8
69 3 156.1
84 2 163.2
70 3 163.5
23 1 163.6
8 0 168.9
24 1 170.6
86 2 172.1
1 3 175.1
9 0 176.1
26 1 177.9
10 0 183.5
27 1 184.7
3 3 185.7
40 2 186.8
132 0 191.1
28 1 191.7
4 3 193.5
82 2 195.1
5 3 201.3
11 0 201.9
25 1 204.9
41 2 205.4
6 3 209.0
12 0 209.3
42 2 214.1
7 3 217.1
131 1 217.2
13 0 217.2
43 2 223.7
56 3 224.9
55 3 232.0
78 2 235.3
124 1 237.9
113 0 239.2
85 3 242.5
79 2 247.0
112 0 249.2
110 1 253.8
53 3 258.6
109 1 261.2
125 0 264.4
63 3 267.9
108 1 268.4
64 3 274.3
126 1 278.7
127 1 285.7
65 3 290.0
31 0 290.3
128 1 292.8
92 2 296.1
29 0 300.6
129 1 301.4
50 3 301.6
93 2 305.3
88 0 311.3
48 3 312.3
106 1 314.6
94 2 314.7
49 3 318.7
104 1 323.0
95 2 323.7
96 2 332.0
66 3 332.3
67 3 338.9
99 2 345.7
100 2 354.8
101 2 363.3
66 0 365.0
67 0 371.8
102 2 372.3
