45 1 31.7
57 0 31.8
58 0 38.4
44 1 38.5
59 0 45.1
81 1 48.0
60 0 52.2
41 1 60.5
61 0 61.8
38 1 74.3
8 0 103.4
89 1 110.7
9 0 110.8
90 1 117.7
10 0 118.2
91 1 124.9
132 0 125.6
92 1 132.6
11 0 136.0
93 1 140.0
12 0 143.7
94 1 147.7
13 0 151.6
95 1 154.8
14 0 158.7
96 1 161.7
117 0 165.6
97 1 168.9
98 1 177.8
124 0 179.6
99 1 190.9
125 0 194.0
100 1 198.1
113 0 203.6
101 1 205.0
102 1 212.2
112 0 213.2
103 1 221.8
110 0 224.1
109 0 231.7
104 1 234.9
108 0 239.4
105 1 241.8
106 1 248.5
107 1 255.0
122 0 259.6
126 1 262.4
127 1 269.4
120 0 269.4
128 1 276.2
123 0 279.3
129 1 285.0
118 0 289.3
15 0 304.0
16 0 310.6
131 0 318.4
130 1 321.7
17 0 329.5
18 0 336.6
19 0 343.6
20 0 350.3
21 0 359.6
79 1 365.6
22 0 367.2
23 0 374.9
78 1 375.1
24 0 382.4
76 1 388.0
25 0 389.3
75 1 394.8
80 1 404.3
26 0 404.3
27 0 411.2
73 1 413.7
28 0 418.2
72 1 420.5
88 0 425.8
71 1 427.3
29 0 435.8
69 1 441.2
30 0 442.8
70 1 448.7
31 0 450.1
3 1 463.5
32 0 465.9
4 1 470.8
33 0 472.9
5 1 478.3
34 0 479.7
6 1 485.8
87 0 487.7
7 1 493.5
56 1 500.8
62 0 504.1
55 1 507.9
53 1 517.5
85 0 519.1
83 0 528.5
50 1 529.7
86 0 542.3
66 1 545.5
67 1 552.2
53 0 558.3
48 1 563.8
63 0 567.5
49 1 570.4
64 0 573.7
65 1 586.8
