129 0 34.2
124 2 34.9
3 1 36.7
4 1 44.2
126 0 47.8
5 1 51.8
106 0 57.6
6 1 59.2
131 2 60.5
7 1 66.9
104 0 67.0
17 2 72.5
56 1 74.6
93 0 81.5
18 2 81.5
55 1 81.6
92 0 89.1
19 2 89.8
53 1 91.1
63 1 99.7
90 0 100.5
21 2 102.8
64 1 105.9
89 0 107.6
22 2 111.8
65 1 119.5
23 2 121.0
130 0 127.8
50 1 129.7
24 2 130.1
25 2 139.0
48 1 139.8
49 1 145.8
95 0 149.8
26 2 154.0
96 0 156.6
66 1 157.6
27 2 162.4
97 0 163.7
67 1 164.3
28 2 170.9
98 0 173.5
44 1 177.0
88 2 180.2
81 1 186.5
29 2 191.4
100 0 192.4
78 1 199.0
101 0 199.4
30 2 199.8
102 0 206.9
79 1 208.6
31 2 208.9
103 0 217.2
76 1 223.0
32 2 224.6
75 1 230.0
33 2 233.1
80 1 239.4
34 2 241.5
122 0 243.3
73 1 249.0
87 2 251.4
120 0 253.5
72 1 255.8
71 1 262.5
123 0 263.5
62 2 267.5
69 1 272.7
118 0 273.3
58 2 278.8
70 1 280.0
117 0 282.8
59 2 287.1
60 2 296.2
15 0 298.2
16 0 304.8
61 2 307.2
41 1 311.4
133 2 322.1
38 1 325.7
124 0 327.2
36 1 334.6
8 2 340.0
35 1 341.4
110 0 346.1
9 2 348.7
109 0 353.7
10 2 357.5
83 1 360.2
108 0 361.4
132 2 366.6
84 1 366.6
86 1 373.9
11 2 378.0
128 0 378.3
85 1 383.4
12 2 387.0
112 0 408.6
113 2 410.7
125 1 417.5
