1 0 66.4
87 1 68.7
80 2 69.8
9 3 71.4
2 0 73.4
33 1 78.1
8 3 79.5
73 2 81.5
3 0 82.0
31 1 88.8
72 2 90.4
4 0 90.6
56 3 91.1
12 1 98.5
55 3 98.8
5 0 99.0
71 2 99.5
11 1 105.7
6 0 107.4
53 3 109.8
132 1 115.8
69 2 116.9
7 0 126.1
70 2 126.5
14 1 133.2
85 3 134.1
1 2 139.7
15 1 140.0
11 0 145.3
16 1 146.4
133 3 150.6
3 2 152.0
12 0 153.5
117 1 157.4
4 2 161.7
13 0 166.6
113 1 171.4
5 2 171.5
112 1 180.3
6 2 181.4
133 0 189.4
124 3 190.2
7 2 191.6
125 1 193.6
110 3 210.1
65 0 211.4
17 1 217.7
109 3 218.4
50 0 223.9
66 2 225.3
108 3 226.7
21 1 229.5
67 2 234.0
22 1 236.6
126 3 238.8
44 0 241.1
23 1 243.9
127 3 246.3
24 1 251.0
128 3 253.7
26 1 257.8
76 2 263.0
129 3 263.8
27 1 264.4
28 1 271.2
75 2 271.9
29 1 278.0
106 3 279.8
48 0 281.1
49 0 288.1
104 3 290.0
35 1 293.1
81 2 299.6
36 1 299.7
93 3 305.2
37 1 306.7
38 1 313.0
81 0 313.0
92 3 313.5
39 1 319.2
48 2 320.6
90 3 325.5
40 1 325.8
49 2 329.1
78 0 329.2
41 1 332.5
89 3 333.2
42 1 339.3
79 0 342.8
18 3 351.5
133 2 359.4
82 0 361.3
20 3 368.1
88 1 373.8
86 0 378.8
