48 0 46.2
63 1 47.4
124 2 49.2
49 0 52.4
64 1 53.1
125 2 63.1
66 0 65.6
65 1 66.2
67 0 72.1
113 2 73.9
50 1 76.4
112 2 84.6
68 1 94.5
50 0 96.1
110 2 96.5
69 1 102.2
51 0 104.0
109 2 105.5
70 1 109.3
108 2 114.5
3 1 123.9
126 2 126.5
60 0 130.2
4 1 131.4
127 2 135.1
5 1 139.0
61 0 139.8
128 2 143.6
6 1 146.4
129 2 154.1
7 1 154.2
56 1 161.3
55 1 168.4
8 0 168.8
106 2 169.1
9 0 176.1
53 1 177.8
120 2 181.7
10 0 183.5
133 1 190.3
11 0 191.5
118 2 191.5
12 0 199.0
58 1 199.3
59 1 205.8
123 2 206.3
13 0 207.0
62 1 217.1
122 2 221.7
31 1 228.1
104 2 236.1
15 0 240.2
29 1 242.1
16 0 247.0
93 2 250.3
17 0 254.9
92 2 259.4
18 1 261.1
25 0 261.7
19 1 268.1
89 0 278.4
21 1 278.9
95 2 280.2
90 0 285.4
22 1 286.0
96 2 288.5
91 0 292.9
23 1 293.9
92 0 300.8
100 2 304.6
88 1 309.5
93 0 310.1
101 2 313.0
94 0 318.0
102 2 322.0
33 1 324.3
97 0 330.6
34 1 330.9
103 2 333.1
35 1 338.0
98 0 340.2
36 1 344.9
37 1 352.1
38 1 358.5
39 1 364.8
130 0 367.5
83 1 371.8
84 1 378.1
132 2 378.5
85 1 385.4
26 0 395.8
86 1 398.8
27 0 402.7
28 0 409.8
40 1 410.7
26 2 411.7
82 1 417.5
27 2 420.0
33 0 424.5
41 1 425.9
28 2 428.6
34 0 431.2
42 1 432.8
35 0 439.0
43 1 440.6
36 0 446.1
81 1 448.4
131 2 452.3
37 0 453.1
44 1 458.5
38 0 460.0
39 0 466.3
71 1 469.6
83 0 473.0
72 1 476.4
84 0 479.2
73 1 483.1
85 0 486.7
35 2 490.0
74 1 490.2
80 1 497.8
36 2 498.6
86 0 503.1
37 2 507.3
75 1 507.4
76 1 513.9
38 2 515.6
40 0 517.0
77 1 521.0
39 2 523.6
78 1 528.1
79 0 535.0
87 1 552.9
87 0 562.1
