37 0 60.7
48 1 62.1
66 2 63.1
15 3 63.4
36 0 67.5
16 3 70.0
67 2 71.3
49 1 73.1
35 0 74.4
117 3 82.1
87 0 85.6
44 1 86.9
124 3 96.0
33 0 96.0
81 1 96.2
8 2 107.0
31 0 108.0
41 1 108.7
125 3 110.1
9 2 115.7
113 3 119.7
14 0 121.2
83 1 122.3
10 2 124.5
84 1 128.7
112 3 132.8
85 1 135.9
17 0 138.6
53 1 149.1
21 0 151.7
118 3 154.0
29 2 158.8
22 0 159.4
119 3 160.5
50 1 160.6
23 0 167.0
123 3 168.0
88 2 169.9
24 0 174.4
120 3 177.7
27 2 181.1
26 0 183.6
121 3 183.7
65 1 184.0
27 0 190.6
122 3 191.9
63 1 195.6
28 0 197.4
89 2 199.5
64 1 201.8
90 2 208.2
93 3 215.8
62 0 216.1
91 2 217.1
92 3 223.6
133 0 225.7
92 2 227.1
93 2 236.1
120 1 238.5
86 0 240.8
121 1 244.7
94 2 245.4
95 2 254.0
105 1 257.5
58 0 260.7
96 2 262.4
104 1 263.8
59 0 267.5
100 1 273.0
60 0 274.5
101 1 280.1
61 0 284.2
102 3 291.6
106 1 295.4
107 1 301.6
103 3 301.6
126 1 309.1
25 2 311.4
38 0 315.4
127 1 316.1
79 0 325.3
128 1 327.7
131 2 329.9
78 0 335.5
108 1 345.0
109 1 352.5
76 0 357.9
110 1 359.7
75 0 364.7
111 1 367.3
80 0 375.0
73 0 385.2
97 2 387.7
72 0 392.0
98 2 398.6
71 0 398.9
97 1 402.7
6 3 419.8
69 0 426.9
5 3 427.6
70 0 434.5
4 3 435.4
3 3 443.2
