2 1 8.3
3 2 10.3
4 0 19.6
5 0 27.2
6 0 34.6
81 1 35.0
82 1 41.4
38 2 42.4
83 1 48.2
37 2 50.9
84 1 55.3
36 2 59.6
85 1 62.3
13 0 63.3
71 1 69.3
14 0 71.0
15 0 78.6
99 1 84.3
98 1 91.5
100 1 101.7
33 0 104.1
41 2 104.3
101 1 108.1
34 0 111.8
45 2 113.4
46 2 121.9
19 0 122.8
96 1 127.1
20 0 129.2
47 2 130.6
21 0 135.6
93 1 138.3
48 2 139.3
22 0 143.2
94 1 145.5
49 2 148.1
23 0 150.9
50 2 156.8
24 0 158.6
91 1 162.4
51 2 165.5
25 0 166.3
88 1 172.9
26 0 173.9
52 2 174.7
87 1 179.9
27 0 181.6
53 2 184.0
86 1 187.0
28 0 188.6
54 2 193.0
72 1 198.2
104 0 199.0
55 2 202.0
73 1 204.7
103 0 206.3
56 2 211.1
74 1 211.7
102 0 213.5
75 1 218.7
58 2 223.1
40 1 228.7
42 0 229.9
59 2 232.0
43 0 236.9
60 2 241.3
77 1 243.8
44 0 243.9
78 1 250.5
61 2 255.2
