64 3 59.2
68 0 59.6
37 1 63.3
63 3 65.0
3 2 65.8
36 1 70.0
69 0 72.4
4 2 75.1
35 1 76.9
65 3 78.6
70 0 79.9
87 1 86.8
1 0 91.1
5 2 93.2
33 1 96.5
3 0 101.6
6 2 102.3
66 3 105.7
31 1 106.9
4 0 109.5
7 2 111.7
67 3 112.3
12 1 116.6
5 0 117.3
8 2 121.1
11 1 124.0
6 0 125.1
44 3 127.0
9 2 129.9
7 0 133.2
81 3 137.5
10 2 138.9
8 0 140.9
41 3 151.7
9 0 151.9
124 1 153.1
10 0 159.4
56 2 160.7
82 3 161.2
125 1 165.2
55 2 168.8
83 3 171.9
84 3 178.3
118 1 179.7
53 2 185.8
86 3 185.8
119 1 185.9
18 0 192.5
123 1 193.2
19 0 199.2
38 3 199.3
50 2 200.0
120 1 202.4
20 0 206.0
121 1 208.5
79 3 208.9
48 2 211.4
21 0 215.1
122 1 216.2
78 3 219.2
49 2 219.3
22 0 222.7
104 1 228.3
23 0 230.4
76 3 234.0
24 0 237.9
93 1 240.4
75 3 240.9
85 2 245.3
92 1 247.6
73 3 251.1
72 3 258.0
130 1 258.2
133 2 260.6
71 3 264.8
90 1 267.8
58 2 270.6
89 1 274.9
59 2 278.9
80 3 286.9
60 2 287.7
61 2 298.4
95 1 298.8
96 1 305.5
97 1 312.6
92 0 318.1
93 0 325.7
100 1 332.0
94 0 333.7
14 3 334.5
113 2 336.8
101 1 338.9
95 0 341.0
117 3 341.3
102 1 346.3
96 0 347.6
110 2 347.9
103 1 355.5
15 3 356.3
109 2 356.9
16 3 363.0
100 0 363.9
108 2 366.0
131 3 370.5
101 0 370.9
106 1 372.7
107 1 379.7
17 3 381.7
126 1 387.0
25 3 389.8
127 1 394.1
126 0 397.1
26 3 398.4
27 3 405.1
128 0 406.7
28 3 412.1
129 0 415.8
29 3 419.5
112 2 426.0
88 3 435.6
112 0 446.5
128 1 462.4
