37 0 37.9
8 1 41.1
87 2 42.7
36 0 44.6
9 1 48.3
35 0 54.7
10 1 55.5
33 2 58.6
62 2 69.6
56 1 69.6
55 1 76.6
57 1 87.4
85 0 87.6
58 1 94.1
86 0 97.6
59 1 100.7
89 2 104.7
83 0 106.8
60 1 107.7
90 2 113.2
40 0 115.8
61 1 116.6
91 2 122.2
82 0 122.2
41 0 131.1
92 2 131.4
31 1 135.7
42 0 138.3
93 2 140.6
12 1 145.4
43 0 146.3
94 2 150.0
11 1 152.8
81 0 153.9
95 2 158.8
132 1 162.7
96 2 167.1
78 0 167.6
97 2 175.8
76 0 177.4
14 1 179.3
75 0 184.2
117 1 186.2
98 2 186.5
80 0 194.6
124 1 198.3
99 2 201.9
73 0 204.7
125 1 210.3
100 2 211.0
72 0 211.6
71 0 218.4
113 1 219.3
101 2 219.4
112 1 228.2
102 2 228.2
110 1 237.9
3 0 240.3
109 1 245.3
4 0 248.2
104 2 248.6
108 1 252.6
5 0 255.9
105 2 257.1
6 0 263.7
106 2 267.5
122 1 269.0
7 0 271.9
126 2 276.3
120 1 278.2
127 2 284.7
123 1 287.1
53 0 288.1
128 2 293.3
118 1 296.1
63 0 297.4
64 0 303.5
129 2 303.8
15 1 308.7
16 1 315.1
65 0 319.0
131 1 322.5
50 0 330.3
17 1 332.7
18 1 339.7
130 2 345.2
19 1 346.5
21 1 357.0
22 1 364.3
79 0 369.7
23 1 371.8
24 1 378.9
38 0 379.9
25 1 385.9
26 1 398.5
27 1 405.2
66 2 405.7
29 0 409.4
28 1 412.0
67 2 414.0
27 0 420.2
29 1 423.8
26 0 426.2
68 2 428.5
25 0 435.9
69 2 438.0
70 2 446.9
23 0 451.3
66 1 455.7
67 1 462.3
44 2 474.3
68 1 474.5
88 0 477.3
69 1 482.2
