68 1 51.8
82 0 55.5
64 3 56.2
116 2 56.8
63 3 62.0
124 2 68.4
47 1 71.5
83 0 73.9
48 1 77.8
65 3 79.6
84 0 80.2
125 2 82.7
49 1 84.2
86 0 87.4
50 3 90.9
113 2 93.4
66 1 95.9
67 1 102.4
133 0 102.8
112 2 104.2
58 0 111.8
44 1 114.8
110 2 116.1
59 0 118.4
3 3 121.2
81 1 124.4
109 2 125.0
4 3 129.0
62 0 131.3
108 2 134.2
5 3 136.8
76 1 140.5
31 0 143.9
6 3 144.7
126 2 146.2
75 1 147.3
7 3 152.7
127 2 154.8
80 1 156.7
56 3 160.1
131 0 162.6
128 2 163.2
73 1 165.8
55 3 167.2
72 1 172.7
17 0 173.5
71 1 179.5
18 0 180.8
106 2 182.2
19 0 187.7
69 1 189.3
21 0 195.4
14 3 196.1
70 1 196.4
22 0 203.0
89 0 210.4
90 0 217.3
53 2 224.1
91 0 224.8
93 3 230.7
54 1 232.2
130 0 232.5
92 3 238.2
85 2 239.8
38 1 246.2
23 0 252.9
79 1 255.1
41 2 256.5
95 3 260.3
24 0 260.6
42 2 265.2
96 3 267.0
26 0 267.8
43 2 274.5
27 0 274.6
28 0 281.7
100 3 283.4
78 2 286.1
8 1 287.2
101 3 290.3
9 1 294.1
25 0 297.0
10 1 301.4
11 1 313.4
12 1 320.6
118 0 327.0
13 1 328.2
119 0 333.6
123 0 341.4
29 2 344.9
61 3 351.5
88 2 355.9
122 0 357.6
102 1 362.4
103 1 371.6
104 0 371.6
33 2 373.2
34 2 381.4
35 2 390.2
97 0 394.0
36 2 398.9
98 0 403.8
37 2 407.7
87 2 425.5
