10 1 37.5
65 0 39.7
9 1 45.1
50 0 51.2
8 1 51.7
56 1 61.2
48 0 61.6
49 0 67.8
55 1 68.2
53 1 77.7
66 0 81.3
63 1 86.1
64 1 92.2
67 0 98.1
133 1 105.7
85 1 117.4
86 1 126.6
58 0 133.2
83 1 135.4
59 0 139.9
38 1 143.5
60 0 147.0
36 1 151.9
61 0 156.7
35 1 158.7
62 0 172.0
31 0 184.5
89 1 188.8
12 0 195.4
90 1 195.9
11 0 202.9
91 1 203.1
92 1 210.7
132 0 213.8
93 1 218.0
94 1 225.7
95 1 232.9
14 0 234.3
96 1 239.5
117 0 241.3
97 1 246.4
98 1 255.5
124 0 255.9
99 1 268.9
125 0 270.2
100 1 276.4
113 0 279.8
101 1 283.2
112 0 289.9
102 1 290.6
103 1 300.1
110 0 301.0
109 0 308.7
104 1 313.8
108 0 316.3
105 1 320.6
106 1 327.8
126 1 336.4
122 0 336.4
127 1 343.4
120 0 346.3
128 1 350.6
123 0 356.3
129 1 359.2
118 0 366.3
15 0 380.9
16 0 387.5
131 0 395.5
17 0 406.7
18 0 414.3
19 0 421.2
20 0 428.0
21 0 437.3
40 1 437.9
82 1 444.7
22 0 444.9
23 0 452.7
41 1 453.4
24 0 460.1
42 1 460.4
25 0 467.1
43 1 468.3
78 1 477.8
26 0 482.1
79 1 487.4
27 0 489.1
28 0 496.0
76 1 501.9
88 0 503.9
75 1 508.9
29 0 514.0
80 1 518.4
33 0 525.8
73 1 527.8
34 0 532.6
72 1 534.6
87 0 540.8
71 1 541.3
44 1 553.2
81 1 562.6
79 0 562.8
78 0 573.4
46 1 576.3
76 0 588.4
69 1 588.5
75 0 595.4
70 1 595.6
80 0 605.9
3 1 610.4
73 0 616.2
4 1 617.8
72 0 623.2
5 1 625.4
71 0 630.1
6 1 632.8
69 0 647.0
70 0 654.4
1 0 665.8
3 0 676.5
88 1 677.3
4 0 684.3
5 0 692.1
25 1 692.9
