15 3 60.6
37 0 62.2
66 2 63.5
48 1 65.5
16 3 67.3
49 1 71.5
67 2 71.6
36 0 76.4
35 0 83.3
44 1 85.2
89 3 90.2
38 0 93.4
81 1 94.8
90 3 97.3
39 0 99.2
91 3 104.7
83 0 105.5
76 1 110.8
84 0 111.9
92 3 112.5
27 2 114.2
75 1 117.6
86 0 119.3
93 3 120.3
26 2 122.8
80 1 127.0
94 3 128.3
40 0 133.3
25 2 133.6
95 3 135.5
73 1 136.2
82 0 139.8
96 3 142.2
72 1 143.0
131 2 147.7
41 0 148.8
71 1 149.9
99 3 155.2
42 0 155.8
100 3 162.5
117 2 163.1
69 1 163.6
43 0 163.9
101 3 169.7
70 1 171.1
78 0 174.4
102 3 176.9
124 2 177.1
79 0 184.9
3 1 185.8
103 3 187.5
4 1 193.2
110 2 195.6
5 1 200.8
109 2 204.5
6 1 208.2
108 2 213.6
7 1 215.9
130 3 218.8
56 1 223.3
120 0 230.0
55 1 230.4
122 2 232.9
121 0 236.2
133 1 239.8
104 0 247.1
118 2 247.7
62 1 248.4
31 1 259.7
97 0 265.9
113 3 271.3
29 1 273.4
18 2 275.0
98 0 275.6
112 3 281.2
88 1 282.9
19 2 283.3
21 2 296.2
125 3 296.4
33 1 298.0
106 0 299.4
34 1 304.6
22 2 305.2
107 0 305.8
87 1 312.5
126 0 313.3
23 2 314.6
127 0 320.3
12 3 323.0
128 0 327.6
11 3 330.4
58 1 330.9
129 0 337.0
59 1 337.6
132 3 341.6
58 2 345.4
9 3 352.0
85 1 352.5
59 2 353.8
8 3 359.2
60 2 362.7
123 0 365.3
53 1 365.7
61 2 373.8
63 1 374.4
64 1 380.5
60 3 388.7
85 2 392.7
65 1 393.9
61 3 398.3
50 1 404.3
