132 1 53.3
13 3 53.5
124 0 54.6
39 2 57.0
12 3 61.1
38 2 65.3
11 3 68.6
125 0 68.7
12 1 74.1
36 2 75.3
9 3 79.7
113 0 80.8
13 1 81.2
35 2 83.9
8 3 87.0
112 0 90.5
87 2 95.6
131 1 97.7
133 3 106.0
17 1 107.7
58 3 115.0
116 0 117.0
83 2 117.5
59 3 121.8
21 1 122.4
118 0 123.8
84 2 125.5
60 3 128.8
22 1 129.6
119 0 130.1
85 2 134.2
89 1 136.8
123 0 138.0
61 3 138.4
90 1 143.8
120 0 147.5
91 1 151.0
121 0 153.5
92 1 158.5
122 0 161.5
93 1 166.0
33 2 166.3
94 1 173.5
104 0 175.5
53 3 175.9
29 2 178.9
95 1 180.5
96 1 187.4
88 2 190.0
99 1 198.8
98 0 199.5
100 1 205.9
81 3 208.4
101 1 212.7
79 2 219.0
102 1 220.0
106 0 223.0
76 3 227.6
103 1 229.4
107 0 229.5
78 2 230.2
75 3 234.6
126 0 236.8
43 2 241.7
127 0 243.8
80 3 244.9
128 0 250.8
41 2 253.6
130 1 254.0
73 3 255.0
129 0 260.0
72 3 261.8
71 3 268.8
23 1 270.3
86 2 273.4
108 0 276.3
24 1 277.5
109 0 283.9
26 1 284.7
110 0 291.5
27 1 291.6
63 3 297.1
65 2 297.5
28 1 298.4
64 3 303.2
50 2 309.5
117 0 315.9
62 3 324.6
15 0 328.0
16 0 334.8
3 2 336.9
31 3 337.1
25 0 345.3
4 2 346.0
6 1 349.9
4 1 360.1
3 1 367.6
66 3 390.3
44 1 390.6
67 3 396.9
48 0 432.8
49 0 439.5
