124 0 65.0
13 3 65.7
132 1 66.7
39 2 68.1
12 3 73.3
11 1 76.1
38 2 76.3
12 1 84.2
36 2 86.4
13 1 91.2
113 0 92.0
35 2 95.0
56 3 97.3
14 1 97.9
55 3 104.5
15 1 105.0
87 2 106.7
16 1 111.5
53 3 114.8
106 0 114.9
33 2 118.3
63 3 124.0
117 1 127.6
64 3 130.2
58 2 134.1
93 0 134.1
92 0 141.7
59 2 142.5
110 1 145.4
65 3 145.5
60 2 151.2
109 1 152.7
108 1 160.1
61 2 162.3
50 3 162.9
95 0 163.7
48 3 173.2
97 0 175.7
133 2 176.9
49 3 179.6
98 0 185.3
85 2 187.2
31 1 188.5
66 3 192.9
67 3 199.6
83 2 203.0
29 1 203.9
100 0 203.9
101 0 210.9
45 3 211.7
27 1 212.8
79 2 217.9
44 3 218.1
102 0 218.2
26 1 219.7
103 0 228.3
81 3 228.9
78 2 229.0
131 1 239.0
41 2 245.9
76 3 248.1
75 3 255.0
126 0 255.5
82 2 256.5
88 1 261.6
127 0 262.7
80 3 265.3
128 0 269.5
86 2 272.1
73 3 275.4
129 0 278.8
72 3 282.4
71 3 289.3
18 1 290.9
6 2 296.0
19 1 297.4
69 3 300.3
120 0 304.0
5 2 305.2
70 3 307.9
21 1 308.0
118 0 312.4
22 1 315.2
3 2 319.8
89 1 322.5
90 1 329.3
70 2 332.2
91 1 336.5
69 2 341.1
20 0 341.4
130 1 344.3
21 0 350.8
23 1 360.9
89 0 362.1
90 0 368.6
62 3 370.3
130 0 379.7
112 1 395.8
23 0 399.8
24 0 407.4
