68 0 61.9
64 3 63.6
37 1 65.6
3 2 67.9
63 3 69.2
36 1 72.5
69 0 74.9
4 2 77.1
35 1 79.2
70 0 82.3
65 3 82.7
87 1 89.3
1 0 93.5
5 2 95.1
33 1 98.8
3 0 104.1
6 2 104.3
66 3 107.6
31 1 109.3
4 0 111.9
7 2 113.7
67 3 114.2
12 1 119.0
5 0 119.7
8 2 123.0
11 1 126.6
6 0 127.5
44 3 128.9
9 2 131.9
7 0 135.5
81 3 139.5
10 2 140.7
8 0 143.3
132 2 149.7
41 3 153.7
9 0 154.0
124 1 155.3
10 0 161.6
82 3 163.2
125 1 167.5
56 2 168.3
83 3 174.0
55 2 176.9
84 3 180.2
118 1 181.8
119 1 188.0
86 3 192.7
18 0 194.2
123 1 195.5
19 0 201.1
85 3 202.6
120 1 204.4
20 0 207.8
121 1 210.6
133 3 212.2
21 0 217.0
124 2 219.3
122 1 220.9
58 3 221.1
22 0 224.4
59 3 227.8
23 0 232.2
113 2 232.6
104 1 232.9
60 3 234.8
24 0 239.7
110 2 243.6
61 3 244.3
93 1 245.1
92 1 252.3
109 2 252.6
62 3 259.9
108 2 261.7
95 1 270.3
96 1 276.9
117 0 280.5
97 1 283.8
38 3 290.2
98 1 292.8
90 2 293.4
79 3 299.9
131 0 301.3
89 2 302.0
100 1 308.2
78 3 310.1
21 2 313.5
101 1 315.0
26 0 322.8
76 3 325.1
27 0 329.6
106 1 330.4
75 3 331.9
28 0 336.7
107 1 336.8
80 3 342.2
29 0 343.7
126 1 344.3
127 1 351.0
73 3 352.4
102 2 354.1
128 1 358.1
72 3 359.2
88 0 359.8
103 2 365.0
71 3 366.1
108 1 377.1
48 3 383.6
109 1 386.7
49 3 389.9
110 1 393.7
92 0 396.2
111 1 401.1
93 0 403.9
25 2 406.4
112 1 408.8
94 0 411.9
53 3 412.8
26 2 417.2
95 0 419.1
27 2 425.8
96 0 425.9
28 2 434.4
29 3 436.2
88 2 443.4
