24 0 22.8
81 1 23.2
23 0 30.1
41 1 35.4
26 0 47.2
38 1 48.9
27 0 54.0
36 1 57.7
28 0 61.2
35 1 64.4
29 0 76.1
33 1 79.1
30 0 83.2
62 1 88.0
58 1 97.4
59 1 104.0
60 0 104.0
61 0 113.6
133 1 114.6
85 1 123.2
86 1 132.4
83 1 141.3
12 0 144.1
11 0 151.7
79 1 153.3
132 0 162.7
76 1 162.7
75 1 169.5
9 0 172.8
80 1 178.9
8 0 180.0
73 1 188.0
72 1 194.8
71 1 201.7
14 0 211.2
69 1 215.9
15 0 218.4
70 1 223.3
16 0 225.0
17 0 233.1
3 1 238.0
18 0 240.6
4 1 245.4
19 0 247.4
5 1 253.0
20 0 254.0
6 1 260.3
21 0 263.4
7 1 268.1
89 0 274.1
56 1 275.5
90 0 281.2
55 1 282.6
91 0 288.6
53 1 292.0
92 0 296.8
63 1 300.4
93 0 304.3
64 1 306.5
94 0 312.4
95 0 319.7
65 1 319.9
96 0 326.4
50 1 330.3
99 0 339.5
48 1 340.1
49 1 346.2
100 0 347.0
101 0 354.1
66 1 358.4
102 0 361.7
67 1 364.9
103 0 372.0
44 1 377.5
78 1 389.3
130 0 403.2
31 1 423.7
25 0 435.4
124 1 442.1
131 0 454.7
110 1 458.0
109 1 465.4
117 0 470.4
108 1 472.6
126 1 482.9
113 0 486.8
127 1 489.8
112 0 496.9
128 1 497.1
125 0 512.1
106 1 513.7
104 1 522.5
118 0 530.0
119 0 536.3
97 1 537.8
123 0 544.2
98 1 547.1
120 0 554.0
121 0 559.9
122 0 568.2
