2 0 30.8
8 1 38.4
3 0 39.5
4 0 47.8
12 1 47.9
13 1 54.7
14 1 61.5
5 0 63.8
12 0 73.1
47 1 76.2
13 0 80.8
14 0 88.7
15 0 96.3
16 0 103.9
54 1 106.3
17 0 112.1
55 1 113.6
18 0 120.6
56 1 121.0
19 0 129.2
57 1 133.2
58 1 140.4
129 0 146.3
59 1 147.8
60 1 155.1
130 0 160.6
61 1 162.8
131 0 167.4
62 1 169.8
63 1 176.6
64 1 183.2
132 0 185.7
124 0 196.7
66 1 201.0
42 0 206.8
67 1 207.8
68 1 214.6
125 0 219.1
134 1 221.4
39 0 228.6
107 1 231.0
34 0 239.2
84 1 239.8
122 0 250.5
95 1 251.5
94 1 258.3
121 0 261.3
106 1 268.1
119 0 275.6
92 1 278.6
118 0 283.2
91 1 286.0
123 0 295.4
87 1 295.7
88 1 302.2
116 0 306.7
89 1 309.1
