57 0 31.3
45 1 31.9
58 0 38.1
44 1 38.6
59 0 44.8
81 1 48.1
60 0 51.8
41 1 60.6
61 0 61.4
38 1 74.2
133 0 75.9
36 1 82.7
85 0 85.1
35 1 89.5
86 0 95.2
87 1 99.5
83 0 104.8
33 1 109.3
38 0 113.2
31 1 120.1
79 0 123.1
12 1 130.0
78 0 133.5
11 1 137.4
132 1 147.9
76 0 148.7
75 0 155.6
14 1 164.5
80 0 166.1
15 1 172.1
73 0 176.5
16 1 178.4
72 0 183.4
117 1 189.5
71 0 190.3
124 1 201.8
69 0 207.0
125 1 214.4
70 0 214.4
113 1 223.5
1 0 225.8
112 1 232.4
3 0 236.6
110 1 242.6
4 0 244.3
109 1 250.0
5 0 252.0
108 1 257.2
6 0 259.8
126 1 267.4
7 0 268.0
127 1 274.4
8 0 275.8
9 0 282.8
10 0 290.3
106 1 293.3
120 1 304.6
56 0 307.6
118 1 312.8
55 0 315.0
53 0 325.2
123 1 325.3
63 0 334.7
122 1 338.6
64 0 341.0
104 1 350.9
65 0 356.7
100 1 360.3
101 1 367.4
50 0 368.5
102 1 374.6
48 0 379.1
103 1 384.1
49 0 385.6
66 0 400.0
95 1 401.3
67 0 406.4
96 1 407.9
97 1 415.5
44 0 421.4
98 1 424.5
81 0 432.2
93 1 438.6
92 1 445.9
41 0 447.4
82 0 457.6
90 1 462.3
89 1 469.2
36 0 474.2
21 1 479.2
35 0 481.2
20 1 489.4
87 0 492.8
18 1 497.4
33 0 503.4
131 1 509.9
31 0 515.4
25 1 522.0
12 0 526.4
23 1 531.6
11 0 534.1
132 0 545.2
26 1 546.1
27 1 553.0
28 1 559.7
14 0 565.9
88 1 567.4
15 0 572.9
29 1 576.8
16 0 579.6
