97 1 39.9
15 2 44.7
3 0 45.7
95 1 52.6
16 2 52.8
4 0 53.6
5 0 61.4
93 1 62.1
117 2 65.6
6 0 69.1
92 1 69.5
7 0 77.3
124 2 79.8
130 1 80.2
8 0 85.0
90 1 89.7
9 0 92.2
125 2 94.0
89 1 96.7
10 0 99.7
113 2 104.9
21 1 106.4
20 1 115.3
112 2 115.7
56 0 116.7
18 1 123.7
55 0 123.8
110 2 127.4
53 0 134.1
131 1 135.9
109 2 136.5
63 0 143.2
108 2 145.6
25 1 147.7
64 0 149.5
23 1 157.1
126 2 157.6
65 0 164.8
127 2 166.0
26 1 171.6
128 2 174.6
50 0 176.4
27 1 178.4
28 1 185.1
129 2 185.1
48 0 186.8
88 1 192.5
49 0 193.3
106 2 199.9
29 1 201.8
66 0 206.5
30 1 208.5
120 2 212.5
67 0 213.0
62 1 217.1
118 2 222.4
58 1 226.6
44 0 227.6
59 1 233.2
123 2 237.1
81 0 238.1
60 1 240.3
61 1 249.4
41 0 252.4
122 2 252.4
82 0 261.7
133 1 261.8
104 2 266.7
85 1 270.1
38 0 272.6
100 2 277.9
86 1 279.4
36 0 281.8
101 2 286.5
83 1 288.0
35 0 288.8
102 2 295.3
38 1 296.0
87 0 300.0
79 1 305.0
103 2 306.4
33 0 310.4
78 1 314.2
31 0 322.3
95 2 324.8
76 1 326.7
96 2 333.1
12 0 333.3
75 1 333.6
11 0 340.9
97 2 341.9
80 1 343.0
132 0 351.6
73 1 352.3
98 2 352.7
72 1 358.9
71 1 365.8
93 2 368.5
14 0 372.3
92 2 377.5
15 0 379.0
69 1 379.7
16 0 385.8
70 1 387.0
130 2 390.0
