2 0 16.3
3 0 24.9
4 0 33.3
5 0 41.7
6 0 50.3
7 0 59.0
8 0 67.1
9 0 74.7
10 0 82.2
11 0 92.3
12 0 109.2
13 0 116.9
14 0 124.7
15 0 132.7
16 0 140.1
130 0 147.0
131 0 153.6
17 0 166.4
129 0 175.2
18 0 187.9
19 0 196.5
20 0 203.7
21 0 210.7
22 0 222.1
127 0 229.4
128 0 236.7
23 0 249.5
24 0 256.9
37 0 267.4
38 0 278.9
34 0 293.8
39 0 310.5
40 0 317.8
125 0 325.1
41 0 334.5
42 0 341.4
43 0 348.1
124 0 356.2
132 0 367.0
133 0 377.4
45 0 387.4
46 0 394.6
47 0 402.1
48 0 412.7
49 0 429.5
50 0 437.5
51 0 444.4
52 0 452.1
53 0 459.9
54 0 468.6
55 0 476.7
56 0 485.3
115 0 493.7
57 0 504.9
58 0 513.3
59 0 521.8
60 0 530.4
61 0 538.9
62 0 547.2
63 0 554.8
64 0 562.2
65 0 572.5
66 0 589.5
67 0 597.1
68 0 604.8
69 0 612.6
70 0 620.3
113 0 627.1
114 0 633.7
71 0 646.2
112 0 655.0
72 0 667.3
73 0 675.9
74 0 683.0
75 0 689.8
76 0 701.4
110 0 708.6
111 0 716.0
77 0 728.8
78 0 742.3
79 0 749.8
109 0 758.1
80 0 770.4
81 0 778.3
82 0 785.7
108 0 793.1
83 0 802.6
84 0 809.7
85 0 816.3
107 0 824.7
134 0 835.6
135 0 845.8
87 0 855.6
88 0 862.8
89 0 870.5
90 0 881.1
91 0 898.7
92 0 906.8
93 0 915.5
106 0 924.5
94 0 936.3
95 0 943.8
96 0 951.4
97 0 958.4
98 0 973.9
99 0 981.9
100 0 989.3
101 0 1005.6
102 0 1013.1
103 0 1020.7
105 0 1028.8
104 0 1040.0
116 0 1052.7
117 0 1059.9
123 0 1068.7
118 0 1080.5
119 0 1088.1
120 0 1095.8
121 0 1102.7
122 0 1118.3
32 0 1129.9
31 0 1137.4
126 0 1148.5
29 0 1159.5
28 0 1166.9
27 0 1174.4
25 0 1186.3
26 0 1194.5
