48 0 43.8
63 1 43.9
124 2 44.8
64 1 49.6
49 0 49.9
125 2 58.6
113 2 69.4
66 0 72.8
53 1 73.2
67 0 79.2
54 1 80.0
112 2 80.3
133 1 86.4
110 2 92.1
44 0 94.0
58 1 95.0
109 2 101.1
59 1 101.6
81 0 104.4
108 2 110.2
62 1 112.8
126 2 122.2
31 1 123.7
76 0 123.9
127 2 130.7
75 0 130.8
131 1 139.1
128 2 139.4
80 0 141.1
17 1 149.4
73 0 151.3
18 1 156.3
72 0 158.0
106 2 158.3
19 1 163.2
71 0 164.9
120 2 170.8
21 1 177.6
69 0 181.4
22 1 184.7
70 0 189.0
89 1 191.9
93 2 194.9
90 1 199.0
1 0 200.2
92 2 204.0
91 1 206.1
3 0 210.6
4 0 218.4
95 1 221.4
5 0 226.2
100 2 227.5
96 1 228.0
6 0 234.1
97 1 235.0
101 2 235.9
7 0 242.2
8 0 249.9
99 1 252.2
9 0 257.2
123 2 260.7
102 1 263.8
10 0 264.6
11 0 272.5
103 1 272.9
12 0 280.7
13 2 281.2
104 1 286.3
13 0 288.7
105 1 293.1
35 2 299.6
132 0 306.7
36 2 308.2
130 1 315.5
37 2 316.9
79 2 326.1
14 0 327.2
23 1 332.0
15 0 334.0
78 2 337.3
24 1 339.2
16 0 343.4
26 1 346.4
43 2 348.6
27 1 353.2
117 0 355.5
28 1 360.1
41 2 360.6
29 1 367.2
83 2 376.5
33 1 380.3
122 0 382.5
84 2 384.2
34 1 386.8
38 2 396.0
88 1 409.4
86 2 413.4
25 0 418.3
85 2 427.2
55 2 438.2
56 2 447.0
60 1 466.6
50 2 473.7
61 1 475.5
50 0 480.1
