102 0 28.5
61 1 34.9
103 0 38.2
58 1 43.6
100 0 48.0
57 1 50.4
133 1 57.2
95 0 61.6
85 1 65.6
96 0 68.2
86 1 74.5
97 0 75.3
83 1 83.3
98 0 85.0
38 1 91.4
79 1 100.4
93 0 100.9
92 0 108.7
78 1 109.6
130 0 120.5
76 1 122.2
75 1 128.9
90 0 131.3
80 1 138.3
89 0 138.4
73 1 147.8
21 0 149.0
72 1 154.4
20 0 158.7
71 1 161.1
18 0 167.8
69 1 175.2
131 0 182.0
70 1 182.4
25 0 195.7
3 1 197.0
4 1 204.4
23 0 206.1
5 1 211.9
6 1 219.4
26 0 223.2
7 1 227.1
27 0 230.0
8 1 234.5
28 0 237.0
9 1 241.8
88 0 244.5
10 1 248.7
29 0 254.6
30 0 261.6
56 1 263.1
32 0 267.9
55 1 270.1
62 0 279.4
51 1 284.4
50 1 291.8
31 0 298.3
44 1 305.3
14 0 308.3
15 0 315.1
41 1 317.3
117 0 329.6
82 1 329.9
81 1 345.5
118 0 346.6
119 0 353.0
120 0 359.2
66 1 361.2
121 0 365.4
67 1 367.6
104 0 375.9
48 1 379.1
49 1 385.6
106 0 390.8
107 0 397.3
65 1 401.9
126 0 404.8
127 0 411.9
63 1 413.7
128 0 418.6
64 1 419.8
129 0 427.9
12 1 448.2
11 1 455.5
123 0 456.0
132 1 465.4
33 0 487.1
124 1 491.2
34 0 493.9
35 0 501.3
125 1 503.5
36 0 508.3
113 1 512.5
37 0 515.4
112 1 521.5
110 1 531.1
87 0 532.3
109 1 538.4
108 1 545.8
122 1 562.0
