10 1 22.2
65 0 25.4
9 1 29.7
8 1 36.4
50 0 36.9
56 1 45.9
48 0 47.5
55 1 53.0
49 0 53.9
53 1 62.7
66 0 67.4
63 1 71.1
67 0 74.0
64 1 77.5
44 0 88.9
65 1 90.6
81 0 99.6
50 1 101.1
48 1 111.2
41 0 114.9
49 1 117.4
82 0 124.6
66 1 129.3
38 0 135.7
67 1 135.7
36 0 145.2
44 1 148.5
35 0 152.2
81 1 158.4
87 0 163.4
41 1 171.4
33 0 174.2
82 1 180.1
31 0 186.1
38 1 190.5
12 0 197.5
36 1 199.4
11 0 205.0
35 1 206.1
132 0 216.2
87 1 216.3
33 1 226.1
31 1 237.0
14 0 237.1
15 0 244.5
12 1 247.1
16 0 251.2
11 1 254.5
117 0 263.5
132 1 264.8
124 0 277.7
14 1 281.6
15 1 288.6
125 0 292.1
16 1 294.9
113 0 302.0
117 1 305.9
112 0 312.0
124 1 318.6
110 0 323.3
125 1 330.6
109 0 330.8
108 0 338.4
113 1 339.9
112 1 348.9
126 0 349.7
127 0 356.7
110 1 358.6
128 0 363.6
109 1 366.1
129 0 372.8
108 1 373.2
127 1 385.6
106 0 387.6
128 1 392.4
120 0 399.6
129 1 400.9
118 0 408.1
106 1 413.6
123 0 422.9
120 1 424.1
118 1 432.0
122 0 438.3
123 1 444.6
104 0 452.4
122 1 457.9
100 0 462.5
101 0 469.5
104 1 470.1
102 0 476.8
100 1 479.1
103 0 486.7
102 1 488.4
95 0 506.0
97 1 512.6
96 0 512.7
93 1 530.5
93 0 537.2
92 1 537.9
92 0 544.8
130 1 548.5
130 0 557.0
90 1 558.5
89 1 565.4
90 0 567.7
89 0 574.9
21 1 575.1
20 1 584.7
21 0 586.3
18 1 592.9
20 0 596.2
131 1 605.2
18 0 605.2
25 1 618.2
131 0 619.8
23 1 627.1
25 0 633.9
26 1 641.6
23 0 644.4
27 1 648.3
28 1 655.3
26 0 661.6
29 1 667.6
27 0 668.6
28 0 675.5
62 1 678.1
88 0 683.3
58 1 687.6
29 0 693.5
59 1 694.3
60 1 701.7
62 0 705.8
61 1 710.6
58 0 716.2
59 0 722.9
133 1 723.3
60 0 730.1
85 1 732.0
61 0 739.8
86 1 741.2
83 1 750.0
133 0 754.6
79 1 762.2
85 0 763.9
78 1 771.5
86 0 774.0
83 0 783.7
76 1 784.5
75 1 791.2
79 0 797.8
80 1 800.8
78 0 808.2
73 1 810.2
72 1 816.9
76 0 823.4
71 1 823.7
75 0 830.3
69 1 838.1
80 0 840.9
70 1 845.4
73 0 851.0
72 0 857.9
3 1 860.4
71 0 864.9
4 1 868.0
