2 0 28.2
3 0 36.7
4 0 45.2
5 0 53.5
6 0 62.2
7 0 70.7
8 0 79.2
9 0 87.0
10 0 95.0
56 0 113.8
55 0 121.5
53 0 132.4
63 0 142.6
64 0 149.4
65 0 166.3
50 0 178.8
48 0 190.2
49 0 197.2
66 0 212.1
67 0 219.3
44 0 235.5
81 0 247.2
41 0 263.1
82 0 273.4
38 0 285.5
36 0 295.9
35 0 303.5
87 0 315.8
33 0 327.1
31 0 340.5
12 0 352.9
11 0 361.3
132 0 372.9
14 0 395.2
15 0 402.8
16 0 410.0
117 0 423.6
124 0 439.2
125 0 455.2
113 0 465.7
112 0 476.6
110 0 488.6
109 0 496.7
108 0 505.2
126 0 517.5
127 0 525.1
128 0 532.7
129 0 542.7
106 0 558.9
120 0 572.2
118 0 581.6
123 0 598.2
122 0 615.1
104 0 630.4
100 0 641.7
101 0 649.2
102 0 657.1
103 0 668.1
95 0 689.4
96 0 696.6
97 0 704.5
98 0 715.0
93 0 732.3
92 0 740.6
130 0 753.7
90 0 765.5
89 0 773.1
21 0 785.1
20 0 795.9
18 0 805.8
131 0 822.1
25 0 837.4
23 0 849.0
26 0 868.0
27 0 875.5
28 0 883.0
88 0 891.6
29 0 902.9
62 0 916.2
58 0 927.5
59 0 934.9
60 0 942.8
61 0 953.6
133 0 969.6
85 0 979.9
86 0 991.2
83 0 1001.4
79 0 1016.9
78 0 1028.2
76 0 1044.8
75 0 1052.2
80 0 1063.6
73 0 1074.8
72 0 1082.3
71 0 1089.8
69 0 1107.9
70 0 1116.1
