45 2 33.5
78 0 33.7
24 1 34.0
23 1 41.0
44 2 41.9
76 0 48.7
81 2 53.0
26 1 55.4
75 0 55.6
27 1 62.4
80 0 65.8
41 2 67.6
28 1 69.1
73 0 76.1
88 1 76.6
82 2 78.3
72 0 82.8
29 1 85.7
71 0 89.8
38 2 89.9
30 1 92.5
36 2 100.3
62 1 101.1
69 0 106.1
35 2 108.9
58 1 110.6
70 0 113.8
59 1 117.2
87 2 120.7
60 1 124.3
1 0 124.9
33 2 132.1
61 1 133.4
3 0 135.4
4 0 143.2
31 2 144.6
133 1 145.8
5 0 151.1
85 1 154.2
12 2 156.5
6 0 158.8
86 1 163.2
11 2 165.5
7 0 167.0
83 1 172.0
8 0 174.7
132 2 177.3
38 1 180.0
9 0 182.2
79 1 189.0
10 0 194.2
14 2 196.6
78 1 198.1
15 2 205.2
76 1 210.8
56 0 211.2
16 2 213.4
75 1 217.5
55 0 218.4
117 2 226.3
80 1 227.0
53 0 228.6
73 1 236.3
124 2 240.3
50 0 242.9
72 1 243.0
71 1 249.7
125 2 254.7
66 1 264.7
113 2 265.5
48 0 265.8
67 1 271.4
49 0 272.5
112 2 276.3
110 2 288.1
65 0 292.3
109 2 297.2
63 0 305.6
108 2 306.3
64 0 312.0
104 1 327.4
93 1 339.7
90 2 343.5
92 1 346.9
89 2 352.2
120 0 359.4
21 1 363.8
121 0 365.5
130 2 371.3
18 1 373.1
25 1 382.1
97 0 390.3
131 1 398.0
102 2 399.1
98 0 400.0
103 2 410.1
123 0 432.1
126 2 434.4
95 1 437.0
127 2 443.0
96 1 443.5
128 2 451.6
100 1 457.3
15 0 459.5
101 1 464.4
16 0 466.2
102 1 471.8
131 0 473.7
120 2 476.8
103 1 481.0
17 0 484.9
118 2 486.6
25 0 491.8
106 1 498.3
