45 3 63.9
121 1 64.3
32 0 65.6
130 2 67.0
44 3 70.4
120 1 70.9
31 0 74.4
118 1 78.5
90 2 78.5
81 3 80.9
89 2 87.1
12 0 93.6
41 3 95.1
21 2 98.5
123 1 100.5
11 0 101.0
82 3 104.7
132 0 112.1
38 3 115.3
104 1 115.5
9 0 122.3
92 2 123.2
36 3 124.8
8 0 129.4
35 3 131.8
94 2 135.5
23 1 141.7
87 3 142.8
100 2 147.0
24 1 149.1
53 0 149.1
33 3 153.3
101 2 155.5
133 0 164.2
102 2 164.3
103 2 175.5
62 0 177.8
88 1 185.3
124 3 186.1
29 1 194.4
113 3 200.3
30 1 201.5
85 0 203.2
111 3 206.3
83 0 212.4
110 3 213.1
15 1 219.0
109 3 220.7
16 1 225.5
79 0 226.4
108 3 228.3
17 1 233.1
78 0 240.1
18 1 240.4
86 2 245.1
19 1 246.9
112 3 254.0
131 1 261.4
86 0 262.7
76 2 268.7
117 1 274.5
75 2 277.1
126 3 278.8
127 3 285.8
80 2 288.4
128 3 292.6
73 2 299.4
129 3 301.7
55 1 303.3
72 2 307.9
56 1 310.2
71 2 316.4
106 3 316.7
6 1 320.3
5 1 327.7
122 3 330.4
69 2 331.7
4 1 335.1
70 2 340.6
3 1 345.5
68 0 348.0
95 3 353.5
70 1 355.7
96 3 360.3
66 0 362.7
69 1 362.9
97 3 367.3
67 0 369.3
98 3 376.8
48 1 377.6
49 1 384.2
63 0 393.8
50 1 395.4
64 0 400.1
51 1 402.8
65 1 410.5
