64 0 29.1
24 1 29.4
63 0 34.9
23 1 36.4
65 0 48.4
26 1 51.0
27 1 57.8
50 0 59.8
28 1 64.6
48 0 70.4
88 1 72.0
49 0 76.6
29 1 81.1
30 1 87.9
66 0 89.9
67 0 96.4
62 1 96.6
58 1 105.9
44 0 111.1
59 1 112.6
60 1 119.8
81 0 121.5
61 1 128.7
41 0 135.9
133 1 141.1
82 0 150.1
53 1 150.4
38 0 160.9
55 1 163.0
56 1 169.7
8 1 179.5
9 1 186.5
10 1 193.7
11 1 205.6
89 0 207.5
12 1 212.9
90 0 214.5
13 1 220.3
91 0 221.8
14 1 227.4
92 0 229.9
15 1 234.4
93 0 237.5
16 1 241.0
94 0 245.4
17 1 248.5
95 0 252.6
18 1 255.7
96 0 259.3
19 1 262.4
99 0 272.4
21 1 273.0
100 0 279.9
101 0 286.9
25 1 291.3
102 0 294.2
103 0 304.2
131 1 307.1
117 1 320.4
124 1 332.2
130 0 335.2
125 1 344.2
113 1 353.2
112 1 362.2
110 1 371.7
109 1 379.1
108 1 386.6
79 0 392.6
126 1 396.6
78 0 403.0
127 1 403.3
128 1 410.3
76 0 417.9
75 0 424.8
106 1 427.0
80 0 435.1
104 1 435.1
73 0 445.2
97 1 450.6
72 0 452.0
71 0 458.9
69 0 470.1
122 1 477.1
70 0 477.6
120 1 486.4
1 0 488.8
123 1 495.1
3 0 499.2
118 1 504.3
4 0 507.1
5 0 514.8
31 1 519.2
6 0 522.7
33 1 529.6
7 0 530.8
34 1 536.4
87 1 544.2
35 1 553.7
36 1 560.6
37 1 567.6
83 1 577.3
84 1 583.8
83 0 587.8
86 1 591.0
84 0 594.2
