131 0 27.0
124 1 30.7
17 0 37.9
125 1 42.8
25 0 44.6
113 1 51.6
23 0 54.9
112 1 60.5
110 1 70.4
26 0 72.1
109 1 77.7
27 0 79.0
108 1 84.9
28 0 86.0
88 0 93.6
126 1 95.0
127 1 102.0
29 0 103.6
128 1 108.9
30 0 110.5
32 0 116.9
62 0 124.1
106 1 125.3
58 0 134.4
120 1 135.7
59 0 141.1
118 1 143.8
60 0 148.2
123 1 156.4
61 0 157.9
122 1 169.6
133 0 172.2
85 0 181.3
104 1 181.7
100 1 190.7
86 0 191.6
101 1 197.7
83 0 201.0
102 1 205.0
38 0 209.4
103 1 214.4
79 0 219.2
78 0 229.4
95 1 230.2
96 1 236.7
97 1 243.9
76 0 244.3
75 0 251.1
98 1 252.8
80 0 261.5
93 1 266.2
73 0 271.7
92 1 273.5
72 0 278.4
130 1 284.2
71 0 285.3
90 1 293.7
89 1 300.7
69 0 301.8
70 0 309.4
21 1 310.4
20 1 319.3
1 0 320.6
18 1 327.7
3 0 331.2
4 0 338.9
131 1 340.0
5 0 346.8
25 1 351.7
6 0 354.6
23 1 361.2
7 0 362.7
8 0 370.3
26 1 375.4
9 0 377.6
27 1 382.3
10 0 385.1
28 1 389.2
88 1 396.5
56 0 402.1
29 1 405.7
55 0 409.3
30 1 412.6
53 0 419.8
62 1 421.4
50 0 434.1
31 1 437.2
12 1 446.8
44 0 450.1
11 1 454.1
132 1 464.1
41 0 464.2
82 0 478.8
14 1 480.7
15 1 487.9
81 0 497.6
117 1 500.3
66 0 516.2
67 0 522.9
33 1 526.6
34 1 533.3
48 0 536.3
35 1 540.5
49 0 542.7
36 1 547.5
37 1 554.5
65 0 562.6
87 1 569.0
63 0 576.1
64 0 582.4
