1 0 56.7
87 1 56.9
9 3 57.9
80 2 60.1
2 0 63.9
8 3 66.1
33 1 66.3
73 2 71.8
3 0 72.3
31 1 76.8
56 3 77.5
72 2 80.7
4 0 81.0
55 3 85.2
12 1 86.6
5 0 89.3
71 2 89.8
11 1 93.9
53 3 96.3
6 0 97.7
132 1 103.8
69 2 107.3
7 0 114.7
70 2 116.9
85 3 120.2
14 1 121.3
15 1 128.0
1 2 129.8
11 0 133.9
16 1 134.3
133 3 136.6
12 0 142.1
3 2 142.1
117 1 145.2
62 3 146.7
4 2 151.7
13 0 154.3
29 3 159.9
5 2 161.6
110 1 163.9
109 1 171.1
88 3 171.1
6 2 171.4
113 0 177.8
108 1 178.2
7 2 181.4
27 3 182.1
126 1 188.4
112 0 188.5
26 3 189.5
8 2 191.3
127 1 195.1
9 2 200.7
23 3 200.9
128 1 201.8
10 2 210.2
129 1 210.5
89 3 212.3
90 3 220.0
106 1 223.5
91 3 227.9
104 1 232.0
130 3 236.8
125 2 242.9
38 0 247.7
97 1 248.1
92 3 249.2
39 0 254.3
98 1 257.1
93 3 257.3
124 2 258.1
40 0 261.7
94 3 265.9
82 0 268.9
95 3 273.6
41 0 278.5
122 1 280.7
96 3 281.0
42 0 286.0
78 0 293.6
99 3 295.2
100 3 303.2
79 0 304.7
101 3 310.7
86 2 312.1
133 1 318.1
102 3 318.5
103 3 329.3
43 2 342.9
44 2 352.1
76 1 355.5
120 3 355.5
75 1 362.1
123 3 366.1
50 2 369.1
118 3 376.7
51 2 379.1
81 1 385.7
52 2 388.7
131 3 399.0
66 1 401.7
65 2 401.9
67 1 408.1
17 3 411.2
18 3 419.2
48 1 421.0
19 3 426.5
49 1 426.7
20 3 433.8
