15 0 33.2
16 0 40.3
117 0 53.7
124 0 69.6
125 0 85.1
113 0 95.9
112 0 106.6
110 0 118.9
109 0 127.2
108 0 135.5
126 0 147.9
127 0 155.5
128 0 163.1
129 0 173.3
106 0 189.7
120 0 202.7
118 0 212.1
123 0 228.4
122 0 245.2
104 0 260.7
100 0 271.8
101 0 279.4
102 0 287.4
103 0 298.4
95 0 319.6
96 0 326.7
97 0 334.8
98 0 345.3
93 0 363.0
92 0 371.1
130 0 384.3
90 0 396.5
89 0 404.0
21 0 415.4
20 0 426.3
18 0 435.9
131 0 452.1
25 0 467.2
23 0 478.7
26 0 497.5
27 0 505.0
28 0 512.6
88 0 521.0
29 0 532.1
30 0 539.6
32 0 546.8
62 0 554.7
58 0 566.1
59 0 573.4
60 0 581.4
61 0 591.7
133 0 607.9
85 0 617.9
86 0 629.0
83 0 639.2
38 0 648.7
79 0 659.5
78 0 670.5
76 0 687.1
75 0 694.4
80 0 705.6
73 0 716.8
72 0 724.2
71 0 731.9
69 0 749.9
70 0 758.0
1 0 770.1
3 0 781.4
4 0 790.1
5 0 798.4
6 0 806.9
7 0 815.6
8 0 823.9
9 0 832.0
10 0 839.9
56 0 858.3
55 0 866.2
53 0 877.2
63 0 887.4
64 0 894.0
65 0 910.8
50 0 923.8
48 0 935.3
49 0 942.4
66 0 956.9
67 0 964.3
44 0 980.5
81 0 992.4
41 0 1008.1
82 0 1018.3
36 0 1036.3
35 0 1044.0
87 0 1056.3
33 0 1067.8
31 0 1080.9
12 0 1092.9
11 0 1101.2
132 0 1113.1
