13 3 53.2
124 0 56.7
39 2 57.5
132 1 57.9
12 3 60.8
38 2 65.8
11 3 68.4
56 1 76.2
84 2 77.3
123 0 80.7
55 1 83.1
86 2 85.8
120 0 90.2
133 1 92.3
121 0 96.2
17 3 98.6
62 1 100.8
36 2 103.8
18 3 105.7
104 0 106.6
31 1 111.6
35 2 112.4
19 3 112.7
20 3 119.2
14 1 120.8
93 0 120.9
15 1 127.6
92 0 128.4
21 3 128.5
79 2 131.0
16 1 134.1
22 3 136.1
130 0 140.2
78 2 142.3
23 3 143.8
117 1 145.0
90 0 151.2
24 3 151.3
76 2 157.4
89 0 158.3
26 3 158.4
110 1 162.8
27 3 165.2
75 2 165.8
109 1 170.2
28 3 172.5
80 2 177.3
108 1 177.6
25 3 187.8
73 2 188.4
95 0 188.6
122 1 194.0
96 0 195.4
72 2 196.9
131 3 201.9
97 0 202.5
71 2 205.3
118 1 206.5
98 0 212.3
69 2 217.4
29 1 225.8
70 2 226.5
113 3 229.4
100 0 231.0
88 1 235.3
101 0 238.1
112 3 239.5
102 0 245.6
33 1 250.4
46 2 254.2
125 3 254.6
103 0 255.7
34 1 257.0
47 2 262.7
48 2 270.9
106 0 276.8
58 1 278.4
49 2 278.8
107 0 283.2
59 1 285.3
126 0 290.9
132 3 291.3
66 2 292.8
127 0 297.9
85 1 300.0
67 2 301.1
9 3 301.5
128 0 304.9
8 3 308.9
53 1 313.3
129 0 314.3
44 2 316.0
63 1 322.0
81 2 327.5
64 1 328.4
60 3 338.4
65 1 341.7
41 2 342.6
61 3 348.1
50 1 352.1
6 2 375.7
5 2 384.9
4 2 394.0
3 2 403.2
