1 0 66.3
80 2 66.3
87 1 68.1
9 3 68.5
2 0 73.4
8 3 76.7
33 1 77.5
73 2 78.0
3 0 82.0
72 2 86.9
31 1 88.2
56 3 88.3
4 0 90.5
55 3 95.9
71 2 96.2
12 1 98.0
5 0 98.9
11 1 105.2
53 3 106.9
6 0 107.4
69 2 113.5
132 1 115.4
70 2 123.2
7 0 131.7
14 1 132.8
1 2 136.1
85 3 138.0
15 1 139.5
16 1 146.0
3 2 148.1
11 0 150.9
133 3 154.3
4 2 158.2
12 0 163.4
62 3 164.4
5 2 168.0
113 1 171.2
13 0 171.8
6 2 177.7
31 3 177.9
112 1 180.3
7 2 187.8
8 2 197.5
125 1 198.2
131 3 198.6
35 0 199.2
36 0 206.9
9 2 207.0
17 3 210.8
37 0 214.5
10 2 216.3
18 3 219.3
79 0 222.7
124 1 222.8
19 3 226.8
20 3 233.6
38 0 241.3
110 1 243.2
21 3 243.6
109 1 250.4
22 3 251.8
83 0 256.7
108 1 257.6
89 3 259.5
84 0 263.5
86 2 266.2
90 3 267.2
91 3 275.2
93 1 285.4
