97 0 18.5
98 0 28.0
95 0 37.1
93 0 48.3
92 0 55.9
130 0 67.9
90 0 78.8
89 0 86.0
21 0 96.7
20 0 106.8
18 0 115.8
131 0 130.2
25 0 144.0
23 0 154.6
26 0 171.7
27 0 178.7
28 0 185.7
88 0 193.5
29 0 203.6
30 0 210.5
32 0 217.1
62 0 224.3
58 0 234.7
59 0 241.4
60 0 248.6
61 0 258.2
133 0 272.8
85 0 282.2
86 0 292.6
83 0 301.8
38 0 310.3
79 0 320.1
78 0 330.5
76 0 345.5
75 0 352.3
80 0 362.7
73 0 372.9
72 0 379.9
71 0 386.8
69 0 403.3
70 0 410.9
1 0 422.3
3 0 432.8
4 0 440.7
5 0 448.5
6 0 456.2
7 0 464.3
8 0 472.1
9 0 479.5
10 0 486.8
56 0 504.0
55 0 511.0
53 0 521.4
63 0 530.7
64 0 537.0
65 0 552.5
50 0 564.5
48 0 574.9
49 0 581.4
66 0 594.9
67 0 601.7
44 0 616.5
81 0 627.2
41 0 641.5
82 0 651.1
36 0 667.2
35 0 674.2
87 0 685.5
33 0 696.0
31 0 707.9
12 0 718.9
11 0 726.5
132 0 737.5
14 0 758.2
15 0 765.4
117 0 780.1
124 0 794.5
125 0 808.3
113 0 818.1
112 0 827.9
110 0 838.8
109 0 846.3
108 0 854.0
126 0 865.1
127 0 872.2
128 0 879.1
129 0 888.4
106 0 903.2
120 0 915.2
118 0 923.8
123 0 938.5
122 0 954.0
104 0 968.1
100 0 978.3
101 0 985.4
102 0 992.7
103 0 1002.8
