123 1 37.9
1 0 38.7
10 3 41.9
126 2 42.3
2 0 45.9
118 1 47.8
11 3 51.8
29 2 54.2
119 1 54.5
3 0 54.7
120 1 61.3
8 3 61.8
4 0 63.1
28 2 63.1
121 1 67.7
5 0 71.6
27 2 72.3
12 3 73.3
6 0 80.0
122 1 80.1
13 3 81.1
25 2 85.0
7 0 88.9
14 3 88.9
32 1 89.8
26 2 94.7
31 1 96.4
15 3 96.8
8 0 96.9
16 3 104.2
9 0 104.4
126 1 106.1
130 3 111.1
10 0 112.0
3 2 113.2
29 1 115.3
131 3 118.1
28 1 121.8
11 0 122.0
4 2 123.0
27 1 128.5
17 3 130.4
5 2 132.9
25 1 138.7
12 0 139.0
26 1 145.8
3 1 161.1
43 0 165.1
4 1 168.4
42 0 171.4
5 1 177.5
19 2 177.6
6 1 183.6
39 0 188.9
7 1 190.8
57 3 196.2
58 3 204.5
124 2 207.4
59 3 213.1
127 0 213.2
128 0 220.6
60 3 221.6
61 3 230.4
