1 0 37.2
10 3 37.4
123 1 40.0
126 2 40.7
2 0 44.2
11 3 47.4
118 1 49.7
29 2 52.4
3 0 53.0
119 1 56.5
8 3 57.3
4 0 61.5
28 2 61.5
120 1 63.2
12 3 68.8
121 1 69.7
5 0 69.9
27 2 70.6
13 3 76.5
6 0 78.4
122 1 82.2
25 2 83.4
14 3 84.4
7 0 87.3
32 1 91.7
15 3 92.1
26 2 93.0
8 0 95.3
31 1 98.3
130 3 102.4
9 0 102.8
126 1 108.1
131 3 109.0
10 0 110.3
3 2 111.4
29 1 117.2
11 0 120.3
4 2 121.3
17 3 121.4
28 1 123.9
129 3 130.3
27 1 130.5
5 2 131.1
12 0 137.5
25 1 140.7
6 2 141.1
18 3 142.6
13 0 145.2
26 1 147.7
19 3 151.2
7 2 151.2
14 0 153.1
20 3 158.4
15 0 160.9
3 1 163.1
21 3 165.5
133 2 168.5
4 1 170.3
130 0 171.1
22 3 177.1
5 1 177.8
131 0 177.8
45 2 179.3
127 3 184.4
6 1 185.1
46 2 188.2
17 0 190.1
