57 0 20.4
45 1 21.3
58 0 27.1
44 1 28.2
59 0 33.8
81 1 37.5
60 0 40.8
41 1 50.0
61 0 50.6
38 1 63.3
133 0 65.1
36 1 72.1
85 0 74.2
35 1 78.9
86 0 87.3
83 1 97.7
53 0 102.9
84 1 104.0
63 0 112.0
79 1 117.8
64 0 118.3
78 1 127.2
65 0 133.8
46 1 143.0
50 0 145.2
66 1 149.6
48 0 155.7
67 1 156.1
49 0 162.1
68 1 168.5
71 1 175.7
69 0 182.0
72 1 182.3
73 1 189.2
70 0 189.6
74 1 196.3
1 0 200.7
80 1 203.7
3 0 211.2
75 1 212.8
4 0 219.1
76 1 219.6
5 0 226.8
6 0 234.7
87 1 241.0
7 0 242.8
33 1 250.3
8 0 250.5
9 0 257.7
62 1 259.6
10 0 265.2
11 0 273.3
31 1 275.5
12 0 280.8
13 0 288.6
124 1 293.6
14 0 295.9
15 0 302.9
110 1 309.2
16 0 309.6
109 1 316.7
108 1 324.0
89 0 332.6
126 1 334.0
90 0 339.8
127 1 341.0
91 0 347.2
128 1 348.3
92 0 355.2
93 0 362.9
106 1 364.7
94 0 370.8
104 1 373.0
95 0 378.1
96 0 384.9
99 0 397.9
100 0 405.3
122 1 410.5
101 0 412.4
102 0 419.7
120 1 420.0
123 1 428.9
103 0 429.9
118 1 438.1
131 1 454.7
130 0 461.1
17 1 464.8
18 1 471.9
19 1 478.6
21 1 489.3
22 1 496.6
117 0 501.5
23 1 504.2
24 1 511.3
113 0 517.7
25 1 518.5
112 0 528.0
26 1 531.1
27 1 537.9
125 0 543.2
28 1 544.7
88 1 552.2
29 1 561.2
132 0 579.7
112 1 590.1
56 0 599.5
125 1 602.8
55 0 606.7
