10 1 22.7
65 0 25.4
9 1 30.3
50 0 36.8
8 1 36.9
56 1 46.5
48 0 47.3
55 1 53.6
49 0 53.7
53 1 63.0
66 0 67.2
63 1 71.3
64 1 77.5
67 0 77.5
133 1 91.0
85 1 102.8
86 1 111.9
58 0 112.7
59 0 119.5
83 1 120.6
60 0 126.4
38 1 128.8
61 0 136.2
36 1 137.2
35 1 143.9
62 0 151.5
31 0 164.0
89 1 174.2
12 0 175.0
90 1 181.1
11 0 182.6
91 1 188.4
132 0 193.5
92 1 196.0
93 1 203.3
94 1 210.9
14 0 214.0
95 1 218.0
117 0 220.9
96 1 224.8
97 1 231.8
124 0 234.8
98 1 240.8
125 0 248.8
99 1 253.7
113 0 258.3
100 1 261.1
101 1 268.0
112 0 268.2
102 1 275.1
110 0 279.1
103 1 284.3
109 0 286.6
108 0 294.3
104 1 297.7
105 1 304.6
106 1 311.3
122 0 314.4
107 1 317.5
120 0 324.2
126 1 325.0
127 1 332.0
123 0 333.8
128 1 338.8
118 0 343.6
15 0 358.1
16 0 364.9
131 0 372.7
130 1 379.3
17 0 383.6
18 0 391.0
19 0 397.7
20 0 404.5
21 0 413.8
22 0 421.4
40 1 425.5
23 0 429.0
82 1 432.3
24 0 436.5
41 1 440.8
25 0 443.3
42 1 447.6
43 1 455.3
26 0 458.4
78 1 465.0
27 0 465.3
28 0 472.3
79 1 474.1
88 0 479.8
76 1 488.5
29 0 489.8
75 1 495.4
33 0 501.5
80 1 504.8
34 0 508.2
73 1 514.2
87 0 516.2
72 1 520.8
71 1 527.6
79 0 537.0
44 1 539.0
78 0 547.3
81 1 548.4
46 1 561.9
76 0 562.2
75 0 569.1
69 1 573.7
80 0 579.3
70 1 580.9
73 0 589.5
3 1 595.5
72 0 596.4
4 1 602.9
71 0 603.2
5 1 610.5
6 1 618.0
69 0 619.7
70 0 627.2
1 0 638.5
3 0 649.0
