63 3 56.4
132 1 57.3
87 0 60.1
82 2 61.2
64 3 62.5
11 1 66.7
33 0 70.3
39 2 71.7
12 1 73.9
65 3 77.7
38 2 79.5
13 1 81.5
31 0 82.2
14 1 88.5
50 3 89.1
36 2 89.9
12 0 93.1
15 1 95.6
35 2 98.5
48 3 99.7
11 0 100.6
16 1 102.1
49 3 105.9
87 2 110.4
132 0 111.6
117 1 113.0
66 3 119.3
33 2 121.9
124 1 124.8
67 3 125.8
14 0 132.0
31 2 134.4
125 1 136.9
15 0 138.8
44 3 140.3
16 0 145.5
113 1 145.7
12 2 146.2
81 3 150.9
112 1 154.8
11 2 155.2
117 0 157.8
110 1 164.5
41 3 165.2
132 2 166.9
124 0 171.8
109 1 171.8
82 3 174.7
108 1 179.1
38 3 185.4
125 0 185.6
14 2 186.1
126 1 189.2
36 3 194.7
15 2 194.8
113 0 195.1
127 1 196.1
35 3 201.8
16 2 203.0
128 1 203.0
112 0 205.0
129 1 211.5
87 3 212.9
117 2 215.8
110 0 215.8
33 3 223.4
109 0 223.5
106 1 224.3
124 2 229.9
108 0 231.2
120 1 234.8
31 3 235.2
126 0 242.2
118 1 242.8
125 2 244.1
12 3 246.2
127 0 249.4
11 3 253.6
113 2 255.0
123 1 255.4
128 0 256.1
132 3 264.5
129 0 265.6
112 2 265.8
122 1 268.6
110 2 277.6
106 0 280.2
104 1 280.6
14 3 285.0
109 2 286.6
100 1 289.8
15 3 292.0
120 0 292.1
108 2 295.6
101 1 296.7
16 3 298.7
118 0 300.8
102 1 303.9
126 2 307.7
117 3 310.8
103 1 313.3
123 0 315.6
127 2 316.1
124 3 324.5
128 2 324.8
95 1 329.2
122 0 330.9
129 2 335.3
96 1 335.8
125 3 338.7
97 1 342.8
104 0 345.0
113 3 348.1
106 2 350.1
98 1 351.8
100 0 355.2
112 3 358.0
101 0 362.2
120 2 362.6
93 1 365.2
110 3 368.8
102 0 369.4
118 2 372.4
92 1 372.6
109 3 376.5
103 0 379.5
130 1 383.2
108 3 384.2
123 2 387.3
90 1 392.9
126 3 395.4
95 0 399.1
89 1 399.8
127 3 402.5
122 2 402.6
96 0 405.7
128 3 409.7
21 1 409.8
97 0 413.1
104 2 417.2
129 3 419.1
20 1 419.9
98 0 423.1
18 1 428.0
100 2 428.8
106 3 434.2
101 2 437.4
93 0 439.1
131 1 440.7
102 2 446.5
120 3 446.7
92 0 447.0
25 1 452.9
118 3 455.6
103 2 458.1
130 0 459.2
23 1 462.8
90 0 470.4
123 3 470.6
95 2 477.0
89 0 477.3
26 1 477.5
27 1 484.1
96 2 485.2
122 3 486.4
21 0 488.2
28 1 491.2
97 2 494.2
20 0 498.2
88 1 498.7
104 3 500.6
98 2 505.0
18 0 507.0
29 1 508.2
100 3 510.9
30 1 515.0
101 3 518.1
93 2 521.1
131 0 521.7
62 1 523.9
102 3 525.5
92 2 530.1
58 1 533.4
103 3 535.2
25 0 535.5
59 1 540.0
130 2 543.0
23 0 546.1
60 1 547.2
90 2 554.7
95 3 555.2
61 1 556.4
96 3 561.9
89 2 563.3
26 0 563.4
97 3 569.2
133 1 569.2
27 0 570.4
21 2 575.2
28 0 577.4
85 1 578.1
98 3 579.5
88 0 585.7
20 2 586.6
83 1 592.3
93 3 596.1
29 0 596.5
18 2 597.1
38 1 600.8
92 3 603.7
62 0 608.9
79 1 610.0
131 2 612.7
130 3 616.2
58 0 620.0
78 1 620.1
59 0 626.5
25 2 627.0
90 3 627.7
76 1 633.1
60 0 634.3
89 3 634.8
23 2 638.9
75 1 639.9
61 0 644.4
21 3 646.1
73 1 654.8
26 2 656.3
133 0 659.7
18 3 661.4
72 1 661.5
27 2 665.0
71 1 668.3
85 0 669.5
28 2 673.4
131 3 676.9
86 0 680.1
69 1 683.5
29 2 688.4
83 0 690.2
70 1 691.0
25 3 691.0
38 0 699.2
62 2 701.4
23 3 701.8
3 1 706.6
79 0 709.0
58 2 713.0
4 1 714.0
26 3 719.7
78 0 719.8
5 1 721.5
59 2 721.5
27 3 726.5
6 1 728.9
60 2 730.9
28 3 733.4
76 0 735.6
7 1 736.8
88 3 741.7
61 2 742.0
75 0 742.3
8 1 745.4
9 1 752.4
29 3 752.8
80 0 753.5
133 2 758.0
73 0 764.3
62 3 765.0
85 2 768.5
56 1 769.7
72 0 771.1
58 3 776.1
55 1 776.6
71 0 778.0
59 3 783.0
83 2 784.9
53 1 786.6
60 3 790.2
