13 1 39.6
22 0 40.2
81 2 44.9
12 1 47.3
21 0 47.5
11 1 54.2
20 0 57.0
41 2 59.4
132 1 64.2
18 0 65.9
82 2 69.8
38 2 81.5
15 0 83.6
113 1 91.7
36 2 91.9
117 0 92.9
35 2 100.5
112 1 100.9
124 0 106.7
87 2 112.5
125 1 113.7
33 2 123.7
110 0 125.3
109 0 133.0
31 2 136.4
108 0 140.6
126 0 151.7
127 0 158.7
85 2 162.6
128 0 165.7
79 1 168.3
83 2 173.0
129 0 174.9
78 1 177.7
86 2 186.9
106 0 189.6
76 1 190.2
75 1 197.0
120 0 201.7
53 2 202.7
118 0 210.3
63 2 213.0
69 1 215.1
64 2 220.8
70 1 222.3
123 0 225.3
65 2 236.3
122 0 240.7
50 2 248.6
48 1 250.2
104 0 255.0
49 1 256.6
66 2 262.1
100 0 265.4
67 2 270.3
101 0 272.6
102 0 280.0
80 1 281.7
44 2 285.4
103 0 290.2
68 2 301.2
95 0 309.5
71 2 310.1
133 1 313.1
96 0 316.3
72 2 318.5
58 1 321.2
97 0 323.8
73 2 327.0
59 1 327.7
98 0 333.5
60 1 335.3
74 2 335.6
93 0 350.6
61 1 351.0
92 0 358.3
3 2 363.1
130 0 370.3
4 2 372.5
6 1 374.4
90 0 381.5
5 2 381.6
5 1 382.1
89 0 388.6
4 1 389.9
6 2 391.2
3 1 396.9
23 0 399.2
7 2 400.3
24 0 406.6
56 2 409.5
25 0 413.9
55 2 418.2
29 2 440.4
