97 1 34.7
64 2 37.3
130 0 39.3
63 2 44.8
95 1 47.2
90 0 50.1
93 1 56.8
65 2 58.5
89 0 61.2
92 1 64.3
50 2 70.8
23 0 71.7
24 0 79.4
48 2 82.1
99 1 82.3
25 0 86.1
100 1 89.6
49 2 90.2
101 1 96.7
26 0 101.0
66 2 103.9
27 0 107.9
104 1 108.1
67 2 112.1
105 1 114.8
28 0 115.0
106 1 121.6
88 0 122.6
44 2 126.9
107 1 128.1
29 0 132.5
126 1 135.4
81 2 138.5
30 0 139.5
127 1 142.2
32 0 146.1
128 1 149.5
33 0 152.8
41 2 153.5
34 0 159.6
82 2 163.9
35 0 166.9
36 0 174.0
112 1 177.0
78 2 180.2
37 0 181.2
113 1 186.0
79 2 191.5
114 1 192.2
125 1 199.5
62 0 202.9
87 2 210.6
12 1 220.8
31 0 223.6
11 1 228.0
15 0 236.0
18 2 242.6
16 0 242.8
19 2 251.0
124 1 254.5
131 0 258.1
122 1 286.6
102 2 292.2
120 1 295.7
103 2 303.2
123 1 304.5
76 0 305.5
75 0 312.4
118 1 313.7
80 0 322.7
73 0 332.7
72 0 339.6
9 1 340.8
71 0 346.6
8 1 347.8
69 0 363.7
133 1 363.8
70 0 371.2
58 1 371.9
85 2 372.4
59 1 378.5
1 0 382.4
83 2 382.7
60 1 385.8
3 0 392.9
61 1 394.6
86 2 396.5
4 0 400.7
5 0 408.6
53 2 412.0
86 1 414.8
6 0 416.4
83 1 423.8
7 0 424.4
8 0 432.1
69 2 439.3
9 0 439.4
76 1 440.3
10 0 446.8
75 1 447.3
70 2 448.3
80 1 456.7
3 2 465.3
73 1 465.8
72 1 472.7
4 2 474.4
71 1 479.4
20 0 481.6
5 2 483.7
6 2 492.9
69 1 493.3
70 1 500.7
7 2 502.4
