10 1 24.1
65 0 27.7
9 1 31.7
8 1 38.4
50 0 39.3
56 1 47.9
48 0 49.7
55 1 54.9
49 0 56.1
53 1 64.3
66 0 73.8
67 0 80.3
133 1 87.8
85 1 99.7
86 1 108.8
58 0 115.6
83 1 117.6
59 0 122.2
38 1 125.7
60 0 129.3
36 1 134.3
61 0 139.3
35 1 141.2
62 0 154.7
31 0 167.3
89 1 171.1
90 1 178.3
12 0 178.6
91 1 185.4
11 0 186.3
92 1 193.0
132 0 197.2
93 1 200.4
94 1 208.1
95 1 215.3
14 0 217.7
96 1 222.0
117 0 224.9
97 1 229.1
98 1 238.2
124 0 239.0
99 1 251.6
125 0 253.5
100 1 259.0
113 0 263.3
101 1 265.9
102 1 273.2
112 0 273.3
103 1 282.5
110 0 284.3
109 0 292.0
104 1 295.9
108 0 299.7
105 1 302.7
106 1 309.9
107 1 316.2
122 0 319.5
126 1 323.5
120 0 330.0
127 1 330.4
128 1 338.0
123 0 339.8
129 1 346.4
118 0 349.7
15 0 364.4
16 0 371.2
131 0 378.9
17 0 390.3
18 0 398.0
19 0 404.7
20 0 411.3
21 0 420.9
40 1 425.1
22 0 428.4
82 1 432.2
23 0 436.2
41 1 440.8
24 0 443.8
42 1 447.6
25 0 450.8
43 1 455.4
78 1 465.2
26 0 465.8
27 0 472.7
79 1 474.9
28 0 479.9
88 0 487.7
76 1 489.4
75 1 496.3
29 0 497.9
80 1 505.7
33 0 509.6
73 1 515.0
34 0 516.5
72 1 521.8
87 0 524.8
71 1 528.5
44 1 540.5
79 0 545.5
81 1 549.8
78 0 556.2
46 1 564.2
76 0 571.3
69 1 575.8
75 0 578.3
70 1 583.1
80 0 588.6
3 1 597.8
73 0 598.9
