20 1 40.4
31 0 42.2
19 1 47.2
12 0 53.1
18 1 53.6
11 0 60.7
131 1 65.7
132 0 71.7
25 1 77.5
23 1 86.9
14 0 92.1
15 0 98.9
26 1 101.4
16 0 105.6
27 1 108.1
28 1 114.9
117 0 117.8
29 1 126.7
124 0 131.6
30 1 133.5
62 1 142.2
125 0 145.6
58 1 151.3
113 0 155.3
59 1 158.2
112 0 165.0
60 1 165.4
61 1 174.2
110 0 175.9
109 0 183.4
133 1 186.8
108 0 191.1
85 1 195.3
126 0 202.4
86 1 204.4
127 0 209.4
83 1 213.0
128 0 216.2
38 1 221.0
129 0 225.6
79 1 230.1
78 1 239.3
106 0 240.3
76 1 251.8
120 0 252.3
75 1 258.6
118 0 260.8
80 1 268.1
123 0 275.5
73 1 277.4
72 1 284.3
122 0 290.8
71 1 291.1
104 0 305.0
69 1 305.1
70 1 312.2
100 0 315.2
101 0 322.3
3 1 326.8
102 0 329.6
4 1 334.3
103 0 339.6
5 1 341.6
6 1 349.3
7 1 356.9
95 0 358.8
8 1 364.4
96 0 365.5
9 1 371.5
97 0 372.4
10 1 378.7
98 0 382.2
56 1 393.1
93 0 398.2
55 1 400.1
92 0 405.8
53 1 409.5
130 0 417.6
63 1 417.9
64 1 424.0
90 0 428.5
89 0 435.5
65 1 437.1
21 0 446.3
50 1 447.2
20 0 456.0
48 1 456.8
49 1 463.0
18 0 464.8
66 1 474.8
131 0 479.2
67 1 481.3
25 0 493.1
44 1 493.7
81 1 503.3
23 0 503.4
41 1 515.7
26 0 520.5
27 0 527.4
36 1 533.1
28 0 534.5
35 1 539.8
88 0 542.1
87 1 549.9
33 1 559.3
