87 0 33.2
65 1 35.8
33 0 43.3
50 1 46.0
31 0 55.1
48 1 55.5
49 1 61.8
12 0 66.0
66 1 73.4
11 0 73.6
67 1 79.9
132 0 84.6
44 1 92.3
81 1 102.0
14 0 105.1
15 0 111.8
41 1 114.3
16 0 118.6
82 1 122.9
117 0 130.8
38 1 132.8
36 1 141.4
124 0 144.5
35 1 148.1
87 1 158.1
125 0 158.5
33 1 167.8
113 0 168.2
112 0 177.9
31 1 178.2
12 1 188.0
110 0 188.8
11 1 195.3
109 0 196.5
108 0 204.1
132 1 205.1
126 0 215.2
14 1 221.8
127 0 222.4
15 1 228.7
128 0 229.2
16 1 235.4
129 0 238.4
117 1 246.2
106 0 253.2
124 1 258.1
122 0 270.7
120 0 280.8
62 1 282.4
123 0 290.4
58 1 291.6
59 1 298.4
118 0 300.2
60 1 305.4
61 1 314.4
131 0 320.8
133 1 326.7
17 0 332.3
85 1 335.3
18 0 339.8
86 1 344.8
19 0 346.6
83 1 353.7
20 0 353.8
21 0 363.0
79 1 365.9
22 0 370.7
78 1 375.4
23 0 378.6
24 0 386.0
25 0 393.1
76 1 393.7
75 1 400.5
26 0 408.2
80 1 410.0
27 0 415.1
73 1 419.4
28 0 422.2
72 1 426.3
29 0 429.4
71 1 433.1
88 0 445.9
69 1 455.9
70 1 463.1
89 0 471.7
3 1 478.3
90 0 478.8
4 1 485.7
91 0 486.2
5 1 493.2
130 0 494.2
6 1 500.6
92 0 506.1
7 1 508.4
93 0 513.8
8 1 516.0
94 0 521.6
9 1 523.3
95 0 529.1
96 0 535.9
56 1 539.8
97 0 543.2
55 1 546.8
98 0 552.8
53 1 556.5
99 0 568.5
63 1 570.1
100 0 576.0
64 1 576.1
101 0 583.1
102 0 590.5
103 0 600.8
29 1 601.8
88 1 611.4
