3 0 40.6
12 1 44.2
4 0 49.1
13 1 51.1
5 0 57.4
14 1 58.1
15 1 65.1
6 0 65.8
102 2 69.5
16 1 71.6
8 0 75.0
101 2 78.8
17 1 78.9
9 0 82.3
129 1 86.3
11 0 89.5
100 2 90.2
130 1 98.3
131 1 104.3
109 2 105.3
132 1 119.1
81 2 121.0
47 0 127.2
124 1 128.3
82 2 129.9
42 1 136.8
48 0 137.8
108 2 139.0
125 1 146.9
83 2 149.8
39 1 155.2
36 1 165.3
67 2 167.7
54 0 171.3
34 1 174.9
66 2 177.1
55 0 179.2
122 1 184.2
56 0 187.8
62 2 189.3
121 1 193.4
115 0 195.8
63 2 198.5
119 1 205.0
64 2 207.6
118 1 211.6
65 2 219.0
123 1 221.6
74 0 226.6
116 1 231.2
75 0 233.7
60 2 236.2
51 1 239.7
59 2 246.0
52 1 246.5
110 0 248.3
53 1 253.3
111 0 255.6
58 2 256.0
104 1 265.2
57 2 265.8
78 0 271.6
79 0 279.2
84 1 289.7
72 2 295.6
85 1 295.6
107 1 302.7
112 2 308.8
134 1 312.1
135 1 321.1
113 2 323.6
18 0 328.0
87 1 329.4
114 2 331.7
88 1 335.8
19 0 336.6
20 0 343.8
69 2 345.0
91 1 347.8
21 0 350.5
92 1 354.9
22 0 362.2
93 1 362.4
89 2 365.1
127 0 369.3
106 1 370.3
90 2 376.6
128 0 376.8
94 1 380.0
95 1 386.5
23 0 389.6
24 0 396.8
97 2 405.0
37 0 407.2
49 1 414.8
98 2 416.6
38 0 419.0
45 1 424.2
46 1 430.5
105 2 436.9
32 0 439.9
133 1 441.6
31 0 447.4
29 0 458.4
47 1 466.0
28 0 466.0
123 2 469.5
27 0 473.5
48 1 475.1
25 0 485.2
121 2 488.8
26 0 493.5
100 1 506.6
