10 3 37.3
123 1 38.6
126 2 39.8
1 0 40.4
11 3 47.2
2 0 47.5
118 1 48.3
29 2 51.5
119 1 55.1
3 0 56.3
8 3 57.2
28 2 60.5
120 1 61.8
4 0 64.7
121 1 68.2
12 3 68.7
27 2 69.7
5 0 73.2
13 3 76.5
122 1 80.7
6 0 81.7
25 2 82.5
14 3 84.2
32 1 90.4
7 0 90.5
26 2 92.1
15 3 92.1
31 1 96.9
8 0 98.5
16 3 99.6
9 0 106.0
130 3 106.6
126 1 106.7
3 2 110.5
10 0 113.4
131 3 113.5
29 1 115.9
4 2 120.5
28 1 122.5
11 0 123.7
17 3 125.8
27 1 129.2
5 2 130.2
25 1 139.2
6 2 141.8
12 0 145.9
26 1 146.4
7 2 150.6
13 0 151.4
3 1 161.7
42 0 165.3
4 1 168.9
18 2 176.8
125 0 177.8
5 1 178.1
6 1 184.1
57 3 184.2
19 2 186.9
39 0 187.5
7 1 191.3
58 3 192.6
36 0 199.4
59 3 201.3
132 1 205.8
38 0 208.2
60 3 209.7
45 2 215.0
61 3 218.4
133 1 219.4
34 0 223.0
46 2 223.9
62 3 226.4
49 1 227.8
47 2 233.2
32 0 233.6
63 3 234.0
50 1 234.7
31 0 241.1
64 3 241.7
52 1 243.6
48 2 244.8
53 1 250.4
65 3 251.8
122 0 262.2
81 1 267.7
66 3 268.8
119 0 273.5
82 1 274.2
54 2 275.0
67 3 276.6
118 0 281.2
68 3 284.5
83 1 284.6
55 2 284.6
116 0 291.9
134 3 292.2
56 2 294.6
51 0 301.6
97 1 303.6
135 3 309.0
104 0 309.3
98 1 312.6
87 3 318.9
99 1 319.8
102 0 320.1
88 3 326.1
90 3 340.1
129 2 344.6
20 2 363.7
21 2 372.1
72 3 372.6
73 3 381.2
22 2 384.5
74 3 388.3
23 2 393.7
75 3 395.5
76 3 407.1
37 2 407.9
77 3 414.7
127 2 427.0
78 3 428.4
128 2 435.8
79 3 436.1
110 3 453.0
111 3 460.4
38 2 470.5
39 2 486.3
109 3 491.4
40 2 495.3
80 3 503.6
41 2 508.5
100 3 511.0
42 2 517.3
98 3 522.3
43 2 525.5
97 3 533.4
124 2 535.1
132 2 547.0
107 3 548.4
112 3 577.0
57 2 586.0
113 3 591.2
58 2 595.9
114 3 598.0
59 2 605.6
60 2 615.6
91 3 622.0
61 2 625.8
92 3 630.3
62 2 635.4
93 3 638.9
63 2 644.5
106 3 647.9
64 2 653.9
94 3 659.5
95 3 667.1
66 2 675.1
67 2 684.4
101 3 685.8
102 3 693.3
68 2 693.7
103 3 700.8
69 2 703.3
105 3 709.1
70 2 712.3
104 3 719.9
113 2 720.8
114 2 729.5
116 3 732.7
