37 1 52.5
64 3 52.9
68 0 52.9
3 2 55.7
63 3 58.7
36 1 59.3
4 2 65.0
69 0 65.9
35 1 66.1
65 3 72.2
70 0 73.4
5 2 74.2
87 1 76.2
6 2 83.3
50 3 83.6
1 0 84.4
33 1 85.7
7 2 92.9
48 3 94.1
3 0 95.1
31 1 96.2
49 3 100.4
8 2 102.0
4 0 102.9
12 1 105.9
5 0 110.7
9 2 110.8
11 1 113.4
66 3 113.8
6 0 118.5
10 2 119.6
67 3 120.3
132 1 123.0
7 0 126.6
8 0 134.4
44 3 134.9
56 2 136.8
14 1 139.8
9 0 141.6
55 2 145.0
81 3 145.3
15 1 146.7
10 0 149.0
16 1 153.3
53 2 156.4
41 3 159.6
117 1 164.1
56 0 166.0
63 2 166.7
82 3 169.2
55 0 173.2
64 2 174.4
124 1 176.0
38 3 179.8
53 0 183.3
125 1 188.1
36 3 189.3
65 2 189.7
63 0 192.6
35 3 196.3
113 1 197.0
64 0 198.7
50 2 201.9
112 1 206.0
87 3 207.4
48 2 213.4
65 0 214.1
110 1 215.8
33 3 217.9
49 2 221.3
109 1 223.1
50 0 225.6
31 3 229.7
108 1 230.3
66 2 235.1
48 0 236.0
126 1 240.3
12 3 240.7
49 0 242.3
67 2 243.3
127 1 247.4
11 3 248.1
128 1 254.3
66 0 255.6
44 2 258.1
132 3 259.3
67 0 262.2
81 2 269.4
106 1 270.7
44 0 276.8
14 3 279.6
120 1 281.1
41 2 284.0
15 3 286.4
81 0 287.4
118 1 289.2
16 3 293.2
82 2 294.5
41 0 301.5
123 1 301.8
117 3 305.3
38 2 306.1
82 0 311.1
122 1 315.0
36 2 316.7
124 3 319.2
38 0 321.8
35 2 325.1
104 1 327.2
36 0 331.1
125 3 333.2
100 1 336.1
87 2 336.9
35 0 338.2
113 3 342.8
101 1 343.2
33 2 348.5
87 0 349.2
102 1 350.3
112 3 352.5
103 1 359.6
33 0 359.7
31 2 361.0
110 3 363.3
109 3 370.9
31 0 371.6
12 2 372.7
95 1 375.5
108 3 378.7
11 2 381.7
96 1 382.2
12 0 382.6
97 1 389.2
126 3 389.8
11 0 390.2
132 2 393.4
127 3 396.8
98 1 398.1
132 0 401.5
128 3 403.7
93 1 411.6
14 2 413.0
129 3 413.1
92 1 419.0
14 0 421.4
15 2 421.8
106 3 428.1
15 0 428.6
16 2 429.9
90 1 434.4
120 3 440.0
89 1 441.4
117 0 443.3
118 3 448.6
124 2 450.5
21 1 451.0
20 1 460.1
123 3 463.4
125 2 464.9
18 1 468.3
113 0 472.3
122 3 478.7
112 2 480.1
131 1 480.7
110 0 488.8
104 3 492.8
25 1 492.8
109 2 495.0
108 0 500.0
23 1 502.3
100 3 503.0
126 2 509.6
101 3 510.1
127 0 514.0
26 1 516.5
102 3 517.4
27 1 523.4
103 3 527.4
28 1 530.4
106 2 532.9
88 1 537.8
120 0 544.3
95 3 546.4
29 1 547.0
118 2 549.2
96 3 553.2
62 1 557.6
118 0 559.1
97 3 560.5
119 2 561.6
58 1 566.7
123 0 567.9
98 3 570.1
59 1 573.5
122 2 579.5
60 1 580.6
93 3 586.0
61 1 589.5
104 2 593.6
92 3 593.7
100 0 599.0
133 1 601.9
130 3 605.6
101 0 606.5
102 2 609.8
85 1 610.5
90 3 616.5
103 0 619.3
86 1 619.6
89 3 623.6
83 1 628.2
95 2 633.0
21 3 634.1
38 1 636.5
95 0 638.6
96 2 641.3
20 3 643.9
79 1 645.4
97 2 649.9
18 3 653.0
98 0 653.6
78 1 654.7
131 3 667.3
76 1 667.5
93 2 670.4
92 0 672.9
75 1 674.2
25 3 681.1
80 1 683.6
130 2 685.8
23 3 691.3
90 0 691.5
73 1 692.9
