64 3 61.6
37 1 64.0
68 0 64.6
3 2 67.8
63 3 67.9
36 1 70.7
35 1 77.3
4 2 77.6
69 0 78.6
65 3 82.4
70 0 86.7
87 1 87.2
5 2 96.7
33 1 96.8
1 0 98.7
6 2 106.4
31 1 107.4
3 0 110.1
7 2 116.5
4 0 118.5
56 2 126.1
5 0 127.0
113 1 131.7
55 2 135.3
6 0 135.5
112 1 140.6
7 0 144.2
133 2 146.9
8 0 152.5
125 1 153.9
62 2 157.9
89 3 159.2
9 0 160.3
90 3 167.1
10 0 168.4
31 2 171.9
120 1 172.0
91 3 175.1
121 1 177.9
14 2 184.0
56 0 187.3
104 1 188.6
117 2 193.6
55 0 194.8
97 3 201.7
93 1 203.0
53 0 207.0
92 1 210.2
124 2 210.7
98 3 213.1
63 0 218.4
64 0 225.6
95 1 230.8
110 2 231.9
96 1 237.4
102 3 242.0
109 2 242.2
65 0 245.6
100 1 252.6
108 2 253.1
103 3 254.8
50 0 259.4
101 1 259.8
48 0 271.0
122 2 274.9
49 0 278.0
66 0 294.7
67 0 301.4
106 1 305.3
107 1 311.1
123 2 313.9
126 1 318.9
44 0 319.1
15 3 324.3
127 1 326.1
118 2 326.6
81 0 331.6
16 3 331.9
128 1 333.8
17 3 342.7
129 1 344.2
41 0 351.8
132 2 358.8
21 3 359.1
82 0 362.0
38 0 374.5
130 3 382.1
36 0 385.8
58 2 391.2
59 2 399.8
61 2 409.2
79 0 413.7
73 1 416.0
72 1 421.7
78 0 424.8
71 1 428.2
85 2 429.5
83 2 440.7
78 1 447.2
86 3 447.5
88 2 476.9
25 1 485.8
18 1 495.0
19 1 501.4
131 2 504.7
