37 0 17.5
36 0 24.1
35 0 31.2
87 0 42.4
33 0 52.7
31 0 64.7
12 0 75.5
11 0 83.1
132 0 93.9
14 0 114.6
15 0 121.3
16 0 128.0
117 0 140.2
124 0 154.0
125 0 168.0
113 0 177.6
112 0 187.7
110 0 198.6
109 0 206.2
108 0 213.9
126 0 225.1
127 0 232.3
128 0 239.3
129 0 248.6
106 0 263.4
120 0 275.5
118 0 284.3
123 0 299.4
122 0 314.6
104 0 328.7
100 0 338.9
101 0 346.1
102 0 353.6
103 0 363.8
95 0 383.0
96 0 389.7
97 0 396.9
98 0 406.5
93 0 422.6
92 0 430.3
130 0 442.2
90 0 453.1
89 0 460.2
21 0 471.1
20 0 481.2
18 0 489.9
131 0 505.1
25 0 519.2
23 0 529.6
26 0 547.3
27 0 554.1
28 0 561.2
88 0 569.0
29 0 579.3
62 0 591.7
58 0 602.0
59 0 608.8
60 0 616.5
61 0 626.5
133 0 641.4
85 0 650.9
86 0 661.6
83 0 671.0
38 0 679.8
79 0 689.9
78 0 700.5
76 0 716.0
75 0 722.7
80 0 733.3
73 0 743.9
72 0 750.9
71 0 758.1
69 0 775.2
70 0 782.7
1 0 794.5
3 0 805.4
4 0 813.1
5 0 821.1
6 0 828.7
7 0 837.1
8 0 845.2
9 0 852.2
56 0 872.9
55 0 880.2
53 0 891.0
63 0 900.3
64 0 906.6
65 0 922.8
50 0 934.9
48 0 946.2
49 0 952.3
66 0 966.3
67 0 972.9
44 0 988.3
81 0 999.1
41 0 1014.6
82 0 1024.4
