22 0 35.0
13 1 35.5
81 2 40.0
21 0 42.2
12 1 43.2
11 1 50.2
20 0 51.9
41 2 54.4
132 1 60.2
18 0 60.8
82 2 64.9
131 0 75.1
38 2 76.5
14 1 76.8
15 1 83.5
36 2 87.0
25 0 88.9
16 1 90.3
35 2 95.6
23 0 99.1
117 1 101.2
87 2 107.3
124 1 112.9
26 0 116.2
33 2 118.7
27 0 123.1
125 1 125.2
28 0 130.2
31 2 131.2
113 1 133.9
88 0 137.7
112 1 142.9
12 2 143.0
29 0 147.8
11 2 152.0
110 1 152.8
30 0 154.8
109 1 159.9
32 0 161.0
132 2 163.9
108 1 167.4
62 0 168.4
126 1 177.3
58 0 178.5
14 2 183.1
127 1 184.3
59 0 185.3
128 1 191.2
15 2 191.7
60 0 192.4
129 1 199.7
16 2 200.0
61 0 202.0
106 1 212.6
117 2 212.7
133 0 216.4
120 1 222.9
85 0 225.7
124 2 226.9
118 1 231.0
86 0 235.7
125 2 241.1
123 1 243.5
83 0 245.1
113 2 251.9
38 0 253.6
122 1 256.8
112 2 262.7
79 0 263.4
104 1 268.9
78 0 273.5
110 2 274.5
100 1 277.9
109 2 283.4
101 1 285.0
76 0 288.4
102 1 292.1
108 2 292.6
75 0 295.4
103 1 301.5
126 2 304.6
80 0 305.7
127 2 313.1
73 0 315.9
95 1 317.4
128 2 321.6
72 0 322.7
96 1 323.9
71 0 329.5
97 1 331.0
129 2 332.2
98 1 339.9
69 0 346.2
106 2 347.0
93 1 353.4
70 0 353.6
120 2 359.5
92 1 360.7
1 0 364.8
118 2 369.4
130 1 371.4
3 0 375.3
90 1 381.0
4 0 383.1
123 2 384.1
89 1 388.0
5 0 391.0
21 1 397.9
6 0 398.7
122 2 399.5
7 0 406.9
20 1 407.1
104 2 413.8
8 0 414.7
18 1 415.3
9 0 421.9
100 2 424.9
131 1 427.6
10 0 429.4
101 2 433.6
25 1 439.7
102 2 442.4
56 0 446.5
23 1 449.2
103 2 453.4
55 0 453.8
26 1 463.4
53 0 464.0
27 1 470.3
95 2 472.0
63 0 473.2
28 1 477.2
64 0 479.5
96 2 480.2
88 1 484.8
97 2 489.2
29 1 494.2
65 0 495.0
98 2 500.0
30 1 501.0
50 0 506.6
62 1 509.5
93 2 515.7
48 0 517.2
58 1 519.0
49 0 523.5
92 2 524.8
59 1 525.9
60 1 532.9
66 0 536.9
130 2 537.6
61 1 542.0
67 0 543.6
90 2 549.1
133 1 554.6
