65 0 23.6
126 1 26.2
127 1 33.3
128 1 40.4
129 1 48.8
106 1 61.7
8 0 63.5
9 0 70.7
120 1 72.0
10 0 78.0
123 1 81.1
132 0 85.5
11 0 96.1
12 0 103.6
35 1 109.9
13 0 111.4
36 1 116.7
14 0 118.4
37 1 123.9
117 0 125.4
79 1 131.3
124 0 139.3
78 1 140.6
76 1 153.3
125 0 153.3
75 1 160.0
113 0 163.0
80 1 169.5
112 0 172.7
73 1 178.7
110 0 183.6
72 1 185.4
109 0 191.2
71 1 192.3
108 0 198.9
69 1 206.6
70 1 213.9
122 0 219.0
3 1 228.7
118 0 233.2
4 1 236.0
5 1 243.7
15 0 248.0
6 1 251.1
16 0 254.5
7 1 258.8
131 0 262.7
56 1 266.2
55 1 273.3
17 0 273.9
18 0 281.2
53 1 282.8
19 0 288.2
63 1 291.2
20 0 295.1
64 1 297.5
21 0 304.5
65 1 310.9
22 0 312.1
23 0 320.0
50 1 321.4
24 0 327.3
48 1 331.1
25 0 334.4
49 1 337.4
66 1 349.3
26 0 349.6
67 1 356.0
27 0 356.4
28 0 363.4
44 1 368.6
88 0 371.3
81 1 378.1
29 0 381.2
30 0 388.1
41 1 390.7
31 0 395.5
83 1 404.4
84 1 410.8
32 0 411.2
85 1 418.1
33 0 418.2
34 0 424.9
86 1 431.5
87 0 433.2
38 1 443.6
62 0 449.5
58 0 459.8
59 0 466.7
60 0 474.0
104 1 483.5
61 0 483.6
93 1 496.0
133 0 498.1
92 1 503.4
90 1 513.2
89 1 520.2
130 1 536.8
89 0 541.1
90 0 548.2
95 1 554.5
91 0 555.5
96 1 561.2
97 1 568.2
95 0 573.7
98 1 577.3
96 0 580.4
97 0 587.7
100 1 592.9
98 0 597.6
101 1 599.6
102 1 606.9
