3 0 42.7
12 1 48.3
4 0 51.1
13 1 54.9
5 0 59.6
14 1 62.0
15 1 69.0
102 2 69.1
8 0 70.4
16 1 75.6
9 0 77.4
101 2 78.1
17 1 82.7
11 0 84.8
100 2 89.8
129 1 90.1
130 1 102.4
109 2 105.0
131 1 108.1
81 2 120.6
47 0 122.4
132 1 123.2
82 2 129.6
124 1 132.1
48 0 132.9
108 2 138.6
42 1 140.8
83 2 149.4
125 1 150.7
39 1 159.1
54 0 166.2
67 2 167.3
36 1 169.0
55 0 174.1
66 2 176.7
34 1 178.7
56 0 182.8
122 1 188.2
62 2 188.9
115 0 190.7
121 1 197.2
63 2 198.1
64 2 207.2
119 1 209.0
118 1 215.6
74 0 221.1
123 1 225.5
75 0 228.2
60 2 228.9
116 1 235.1
59 2 238.7
110 0 242.5
51 1 243.3
58 2 248.7
111 0 249.8
52 1 250.4
53 1 257.2
57 2 258.6
78 0 265.6
104 1 269.2
79 0 273.2
72 2 288.4
84 1 293.6
85 1 299.6
112 2 301.5
107 1 306.5
134 1 316.0
113 2 316.6
18 0 322.0
114 2 324.7
135 1 325.0
19 0 330.4
87 1 333.0
69 2 337.6
20 0 337.6
88 1 339.3
21 0 344.6
91 1 351.8
22 0 356.2
89 2 357.7
92 1 358.5
127 0 363.3
93 1 366.0
90 2 369.4
128 0 370.3
106 1 373.7
23 0 383.4
94 1 383.6
95 1 390.2
24 0 390.5
97 2 397.7
37 0 401.2
98 2 409.4
38 0 412.5
49 1 418.1
45 1 427.8
105 2 429.3
32 0 433.8
46 1 434.2
31 0 441.2
133 1 445.1
29 0 451.9
133 2 452.9
28 0 459.6
27 0 467.0
25 1 474.0
26 1 481.2
25 2 486.4
