1 0 61.2
87 1 61.5
80 2 62.6
9 3 64.1
2 0 68.4
33 1 70.9
8 3 72.4
73 2 74.3
3 0 76.7
31 1 81.4
72 2 83.2
56 3 84.0
4 0 85.4
12 1 91.3
55 3 91.6
71 2 92.4
5 0 93.7
11 1 98.4
6 0 102.2
53 3 102.5
132 1 108.5
69 2 109.7
70 2 119.3
7 0 123.0
14 1 125.8
85 3 130.2
1 2 132.4
15 1 132.7
16 1 138.8
11 0 142.2
3 2 144.5
133 3 146.6
4 2 154.1
12 0 154.2
62 3 156.7
113 1 159.7
13 0 162.8
5 2 164.2
112 1 168.7
31 3 170.3
6 2 174.0
7 2 183.9
8 2 193.8
125 1 194.7
35 0 198.0
9 2 203.1
131 3 203.2
36 0 205.7
10 2 212.5
37 0 213.5
17 3 215.3
79 0 221.7
18 3 223.0
19 3 230.5
56 2 230.7
78 0 232.7
58 1 233.7
20 3 237.7
55 2 239.9
59 1 240.1
41 0 243.5
21 3 247.5
60 1 247.5
133 2 251.6
22 3 255.7
23 3 264.0
43 0 268.4
29 1 270.5
83 2 270.6
24 3 272.0
44 0 276.3
25 3 279.5
88 1 279.9
38 2 281.1
45 0 283.7
40 2 295.7
27 1 296.4
81 0 298.4
26 1 303.0
82 2 304.6
89 3 310.0
90 3 317.7
76 0 319.5
86 2 322.0
92 1 325.4
91 3 325.7
75 0 326.9
93 1 332.6
92 3 334.2
94 1 340.2
93 3 342.5
95 1 347.0
94 3 351.1
96 1 353.4
95 3 358.9
96 3 366.1
99 1 370.5
100 1 377.4
104 3 383.4
61 0 383.6
101 1 384.0
105 3 390.9
118 2 391.8
102 1 395.0
119 2 400.7
108 3 404.7
103 1 406.7
123 2 410.5
109 3 412.9
110 3 421.0
111 3 429.4
106 1 434.4
107 1 440.2
126 1 447.2
124 2 447.5
127 1 454.1
129 0 463.3
130 1 486.3
122 0 490.4
66 3 499.7
67 3 506.9
98 1 508.8
48 2 510.8
49 2 519.4
65 3 537.6
51 0 548.9
50 0 556.3
50 1 568.8
66 0 576.4
67 0 583.5
66 1 584.8
48 0 598.2
48 1 602.8
130 2 606.6
65 1 617.7
130 3 625.2
98 2 633.2
98 3 654.9
128 2 666.5
129 2 677.6
128 3 692.6
122 2 702.2
129 3 702.5
130 0 721.2
98 0 750.9
