37 0 36.0
87 2 37.7
8 1 39.2
36 0 42.8
9 1 46.3
33 2 49.3
35 0 49.7
10 1 53.5
87 0 61.0
31 2 61.7
56 1 67.7
33 0 71.3
12 2 73.5
55 1 74.7
11 2 82.6
31 0 83.2
53 1 84.1
63 1 92.7
12 0 94.2
132 2 94.2
64 1 98.9
11 0 106.0
65 1 111.8
9 0 116.8
131 2 120.5
50 1 122.1
8 0 124.2
48 1 131.6
17 2 132.5
56 0 134.8
49 1 137.9
18 2 141.3
55 0 141.9
66 1 149.5
19 2 149.7
133 0 151.6
67 1 155.9
62 0 160.9
21 2 162.1
44 1 168.5
22 2 171.0
81 1 177.9
14 0 179.3
89 2 179.8
15 0 185.9
90 2 188.5
41 1 190.4
16 0 192.7
91 2 197.3
38 1 204.0
117 0 204.8
92 2 206.7
36 1 212.6
93 2 215.8
124 0 218.8
35 1 219.3
94 2 225.2
87 1 229.4
125 0 232.6
95 2 233.9
33 1 239.0
113 0 242.2
96 2 242.3
31 1 249.4
112 0 252.1
99 2 255.7
12 1 259.2
110 0 262.9
100 2 264.6
11 1 266.6
109 0 270.5
101 2 273.2
132 1 276.3
108 0 278.2
102 2 282.1
126 0 289.3
14 1 292.9
103 2 293.2
127 0 296.5
15 1 300.0
128 0 303.2
16 1 306.6
129 0 312.4
117 1 317.3
130 2 321.2
106 0 327.2
124 1 329.2
104 0 336.6
23 2 340.2
125 1 341.4
24 2 349.2
113 1 350.2
97 0 355.1
25 2 357.8
112 1 359.1
98 0 364.8
110 1 369.0
26 2 372.6
109 1 376.3
27 2 381.0
108 1 383.5
28 2 389.6
122 0 393.1
126 1 393.6
88 2 398.7
127 1 400.5
120 0 403.2
128 1 407.6
29 2 409.7
123 0 412.8
118 0 422.5
106 1 423.9
79 2 434.0
120 1 434.4
118 1 442.3
78 2 445.3
58 0 454.6
123 1 455.0
76 2 460.2
59 0 461.3
122 1 468.1
60 0 468.5
75 2 468.7
61 0 478.0
80 2 480.0
104 1 480.3
100 1 489.4
73 2 491.0
101 1 496.4
85 0 497.5
72 2 499.6
102 1 503.5
83 0 506.8
71 2 508.0
103 1 513.0
40 0 515.6
69 2 519.8
82 0 522.0
95 1 528.7
70 2 528.9
96 1 535.4
86 0 538.4
97 1 542.4
98 1 551.3
53 0 554.0
46 2 556.0
63 0 563.3
47 2 564.3
93 1 564.8
64 0 569.6
92 1 572.2
48 2 572.2
49 2 580.3
130 1 582.8
65 0 585.0
90 1 592.3
66 2 594.3
50 0 596.3
89 1 599.4
67 2 602.4
21 1 609.0
44 2 617.2
20 1 618.0
