60 0 23.2
61 0 32.7
58 0 41.9
57 0 48.9
133 0 55.6
85 0 64.6
86 0 74.8
83 0 84.3
38 0 93.4
79 0 103.5
78 0 114.0
76 0 129.3
75 0 136.0
80 0 146.9
73 0 157.3
72 0 164.1
71 0 171.0
69 0 188.1
70 0 195.9
1 0 207.4
3 0 218.1
4 0 226.0
5 0 233.8
6 0 241.5
7 0 249.7
8 0 258.1
9 0 265.3
10 0 272.9
56 0 290.2
55 0 297.4
53 0 307.9
63 0 317.3
64 0 323.5
65 0 339.8
50 0 351.9
48 0 363.0
49 0 369.1
66 0 383.5
67 0 389.9
44 0 405.1
81 0 416.1
41 0 431.1
82 0 441.0
36 0 458.0
35 0 465.1
87 0 476.3
33 0 487.2
31 0 499.8
12 0 511.0
11 0 518.8
132 0 529.9
14 0 550.6
15 0 558.2
16 0 565.0
117 0 577.5
124 0 592.5
125 0 607.3
113 0 617.2
112 0 627.5
110 0 638.7
109 0 646.4
108 0 654.1
126 0 665.8
127 0 672.9
128 0 680.5
129 0 690.0
106 0 705.4
120 0 718.0
118 0 726.8
123 0 742.0
122 0 757.6
104 0 772.3
100 0 783.2
101 0 790.0
102 0 797.8
103 0 808.5
95 0 827.9
96 0 834.7
97 0 842.2
98 0 852.1
93 0 868.9
92 0 876.4
130 0 888.4
90 0 900.0
89 0 906.8
21 0 917.7
20 0 928.0
18 0 937.1
131 0 952.3
25 0 966.8
23 0 977.2
26 0 995.0
27 0 1001.8
28 0 1008.7
88 0 1016.8
29 0 1026.9
62 0 1039.4
