57 0 31.3
45 1 32.5
58 0 38.1
44 1 39.2
59 0 44.7
81 1 48.6
60 0 51.7
41 1 61.1
61 0 61.5
82 1 69.7
133 0 75.8
38 1 79.5
85 0 85.0
36 1 88.1
35 1 94.9
63 0 110.9
83 1 113.5
64 0 117.2
84 1 119.9
53 1 131.3
65 0 132.3
50 0 143.9
86 1 148.9
48 0 154.5
49 0 160.8
79 1 164.7
78 1 174.0
69 0 180.9
70 0 188.4
46 1 189.6
66 1 196.4
1 0 199.5
67 1 203.0
3 0 210.1
68 1 215.3
4 0 217.8
71 1 222.6
5 0 225.6
72 1 229.2
6 0 233.4
73 1 236.0
7 0 241.5
74 1 243.2
8 0 249.5
80 1 250.8
9 0 256.7
75 1 260.3
10 0 264.1
76 1 267.1
132 0 271.8
11 0 282.4
87 1 288.4
12 0 289.9
13 0 297.8
33 1 298.0
14 0 304.9
29 1 308.5
15 0 312.1
88 1 317.9
16 0 318.8
27 1 327.3
26 1 334.1
89 0 341.9
25 1 343.1
90 0 349.0
131 1 355.5
91 0 356.3
92 0 364.5
93 0 372.0
124 1 376.1
94 0 380.0
95 0 387.4
110 1 391.9
96 0 394.1
109 1 399.3
108 1 406.6
99 0 407.3
100 0 414.9
126 1 416.7
101 0 421.9
127 1 423.7
102 0 429.5
128 1 430.9
129 1 439.6
103 0 439.6
106 1 452.8
104 1 461.4
130 0 470.9
97 1 477.1
98 1 486.1
122 1 508.8
117 0 511.5
120 1 518.2
123 1 527.2
113 0 527.8
118 1 536.5
112 0 537.8
125 0 552.8
18 1 556.0
19 1 562.8
21 1 573.5
31 0 578.6
22 1 580.6
32 0 588.2
23 1 588.3
62 0 595.6
