124 2 41.3
48 0 43.1
63 1 43.4
49 0 49.3
64 1 49.3
125 2 55.3
65 1 62.3
66 0 62.6
113 2 66.1
67 0 69.3
50 1 72.5
112 2 77.0
68 1 85.8
110 2 88.7
50 0 90.3
69 1 93.5
109 2 97.8
51 0 98.2
70 1 100.9
108 2 106.8
3 1 115.5
126 2 118.8
4 1 122.8
60 0 124.3
127 2 127.3
5 1 130.2
61 0 133.8
128 2 135.9
6 1 137.9
7 1 145.4
129 2 146.4
56 1 152.6
55 1 160.0
106 2 161.3
8 0 162.9
53 1 169.1
9 0 170.1
120 2 173.8
10 0 177.4
133 1 181.6
118 2 183.7
11 0 185.3
58 1 190.3
12 0 193.0
59 1 196.9
123 2 198.5
13 0 200.9
62 1 208.1
122 2 213.8
31 1 219.4
104 2 228.0
14 1 228.6
15 0 236.2
29 1 240.0
93 2 242.2
16 0 242.8
17 0 250.6
92 2 251.3
18 1 259.1
19 1 265.9
89 0 269.9
95 2 272.0
21 1 276.4
90 0 277.0
96 2 280.3
22 1 283.5
91 0 284.2
23 1 291.1
92 0 292.4
100 2 296.3
93 0 302.8
101 2 304.8
88 1 307.2
94 0 310.6
102 2 313.7
33 1 321.8
97 0 323.3
103 2 324.7
34 1 328.3
98 0 332.8
35 1 335.6
36 1 342.4
37 1 349.5
38 1 356.0
130 0 360.0
39 1 362.3
83 1 369.0
132 2 370.2
84 1 375.4
85 1 382.5
26 0 387.8
27 0 394.6
86 1 395.9
28 0 401.7
26 2 403.3
40 1 408.2
27 2 411.7
82 1 414.6
33 0 416.6
28 2 420.2
41 1 423.0
34 0 423.1
42 1 430.0
35 0 430.5
43 1 437.5
36 0 437.6
131 2 443.4
37 0 444.8
81 1 444.9
38 0 451.1
44 1 454.5
39 0 457.5
20 2 462.5
83 0 463.9
71 1 465.8
84 0 470.1
72 1 472.4
21 2 472.8
85 0 477.4
73 1 479.1
22 2 481.7
74 1 486.4
86 0 493.4
80 1 493.8
75 1 502.7
40 0 507.4
76 1 509.5
35 2 513.4
82 0 514.0
77 1 516.6
36 2 521.9
78 1 523.3
41 0 524.3
37 2 530.6
42 0 531.5
78 0 538.4
79 0 548.5
87 1 549.4
