132 1 62.8
87 0 63.0
63 3 66.2
82 2 69.0
64 3 72.0
11 1 72.3
33 0 73.2
12 1 79.5
38 2 85.3
13 1 87.2
31 0 92.4
14 1 94.6
36 2 96.2
60 3 102.3
35 2 104.7
61 3 111.9
87 2 116.7
18 1 118.0
19 1 124.7
33 2 134.8
21 1 135.1
62 3 136.1
89 0 136.8
22 1 142.3
90 0 143.9
89 1 149.5
91 0 151.2
90 1 156.6
79 2 157.4
92 0 159.1
118 3 161.7
91 1 163.8
93 0 166.9
119 3 168.1
78 2 168.8
92 1 171.4
120 3 174.4
94 0 174.9
93 1 178.7
41 2 179.8
121 3 180.4
95 0 187.9
96 0 194.7
121 1 195.6
43 2 195.8
108 3 196.6
120 1 201.8
97 0 201.8
109 3 204.3
81 2 204.8
98 0 211.5
110 3 211.8
111 3 219.6
71 2 223.2
99 0 226.7
112 3 227.2
9 1 227.7
72 2 231.6
100 0 234.3
8 1 235.0
113 3 236.9
73 2 240.2
101 0 241.2
114 3 243.1
56 1 244.5
102 0 248.6
74 2 248.9
125 3 250.9
55 1 251.6
80 2 258.0
103 0 258.7
53 1 260.9
115 3 261.4
75 2 269.0
124 3 269.0
65 1 272.9
104 0 274.4
76 2 277.3
105 0 281.2
50 1 283.2
106 0 288.0
122 3 292.6
48 1 292.8
107 0 294.2
49 1 299.0
126 0 301.7
29 2 307.0
127 0 308.8
123 3 310.2
66 1 310.5
128 0 315.6
67 1 317.2
88 2 318.1
129 0 324.9
27 2 329.0
44 1 329.6
15 3 330.1
16 3 336.8
26 2 337.5
81 1 339.1
23 2 349.0
41 1 351.5
123 0 353.1
83 1 361.9
84 1 368.4
130 2 368.4
6 3 421.8
5 3 429.7
85 0 432.5
4 3 437.5
86 0 442.0
70 1 442.8
3 3 445.2
6 2 446.9
69 1 450.1
5 2 455.9
68 3 464.7
4 2 465.1
