3 0 55.7
80 1 57.2
128 2 57.9
130 3 60.0
4 0 66.3
73 1 66.8
129 2 68.6
90 3 71.2
72 1 73.4
5 0 73.9
89 3 78.1
126 2 79.0
71 1 80.2
6 0 81.7
21 3 88.9
106 2 89.6
7 0 89.8
69 1 89.9
70 1 97.3
8 0 97.7
20 3 98.5
104 2 100.0
9 0 105.0
18 3 107.4
10 0 112.4
93 2 114.4
132 0 119.8
46 1 121.1
131 3 121.7
92 2 123.4
47 1 127.9
11 0 130.2
48 1 134.3
90 2 135.3
25 3 135.6
12 0 137.8
49 1 140.8
89 2 143.9
13 0 145.7
23 3 145.9
66 1 152.6
67 1 159.0
26 3 163.0
113 0 167.4
27 3 169.9
95 2 171.2
44 1 171.3
28 3 176.9
112 0 177.1
96 2 179.4
81 1 180.9
88 3 184.3
97 2 188.2
125 0 192.2
41 1 193.4
29 3 194.5
98 2 199.0
30 3 201.5
83 1 207.0
32 3 207.7
84 1 213.2
62 3 214.9
100 2 217.0
31 0 217.9
86 1 220.3
58 3 225.2
101 2 225.6
29 0 228.1
59 3 232.0
38 1 232.3
102 2 234.4
88 0 238.3
60 3 239.1
36 1 240.9
103 2 245.6
35 1 247.8
61 3 248.6
32 0 253.4
33 0 260.2
133 3 263.2
79 1 263.9
34 0 266.8
122 2 269.3
85 3 272.3
78 1 273.4
87 0 274.9
120 2 280.3
86 3 282.4
76 1 286.0
123 2 290.9
62 0 291.2
83 3 291.8
75 1 292.7
38 3 300.2
58 0 301.5
118 2 301.9
59 0 308.2
79 3 309.9
117 2 312.1
60 0 315.2
50 1 316.7
78 3 320.1
51 1 324.1
61 0 324.7
15 2 327.4
65 1 331.8
76 3 335.1
16 2 335.6
133 0 339.4
52 1 341.8
75 3 342.0
63 1 348.3
55 0 348.8
80 3 352.2
64 1 354.5
56 0 355.8
124 2 356.1
73 3 362.4
53 1 364.5
72 3 369.4
54 1 371.3
110 2 374.1
71 3 376.2
109 2 383.1
108 2 392.3
