81 1 33.5
24 0 33.9
23 0 41.2
41 1 45.7
82 1 54.2
26 0 58.6
38 1 64.4
27 0 65.4
28 0 72.3
36 1 73.4
35 1 80.2
88 0 86.8
87 1 90.3
33 1 100.0
25 0 104.9
62 1 109.4
18 0 115.3
58 1 118.8
19 0 121.9
59 1 125.6
20 0 129.1
60 1 132.7
21 0 138.6
61 1 141.9
89 0 149.6
133 1 154.7
90 0 156.6
55 1 163.6
91 0 163.9
56 1 170.4
130 0 172.2
92 0 184.1
53 1 187.0
93 0 191.7
63 1 195.6
94 0 199.7
64 1 201.8
95 0 207.0
96 0 213.8
65 1 215.6
97 0 221.1
50 1 225.9
98 0 231.0
48 1 236.0
49 1 242.2
99 0 246.9
100 0 254.6
66 1 254.7
67 1 261.0
101 0 261.6
102 0 269.3
44 1 273.9
103 0 279.8
78 1 285.9
104 0 295.6
79 1 295.6
105 0 302.4
83 1 307.9
106 0 309.4
84 1 314.3
107 0 315.7
85 1 321.8
126 0 323.4
127 0 330.3
86 1 335.4
128 0 337.3
129 0 346.8
76 1 355.7
75 1 362.6
108 0 363.3
109 0 370.9
80 1 372.2
110 0 378.6
73 1 381.8
111 0 386.5
72 1 388.6
71 1 395.3
115 0 398.6
124 0 406.4
69 1 409.8
70 1 417.3
116 0 417.7
118 0 424.6
119 0 431.0
3 1 432.4
120 0 437.5
4 1 439.8
121 0 443.6
5 1 447.5
6 1 454.9
122 0 459.2
8 1 465.5
9 1 472.7
123 0 475.0
10 1 479.7
117 0 490.0
11 1 492.1
12 1 499.4
15 0 505.3
13 1 507.0
16 0 512.1
131 0 519.8
113 1 525.0
112 1 534.0
125 1 547.2
112 0 567.4
31 1 568.3
29 1 577.7
