131 0 27.6
124 1 30.5
17 0 38.3
125 1 42.4
25 0 45.2
113 1 51.4
23 0 55.4
112 1 60.3
110 1 70.1
26 0 72.5
109 1 77.5
27 0 79.4
108 1 84.7
28 0 86.4
88 0 94.0
126 1 94.7
127 1 101.7
29 0 104.1
128 1 108.6
30 0 111.1
32 0 117.4
62 0 124.5
106 1 125.0
58 0 134.8
120 1 135.5
59 0 141.5
118 1 143.5
60 0 148.7
123 1 156.0
61 0 158.3
122 1 169.3
133 0 172.8
104 1 181.4
85 0 181.8
100 1 190.4
86 0 192.0
101 1 197.4
83 0 201.4
102 1 204.6
38 0 210.0
103 1 214.0
79 0 219.6
95 1 229.9
78 0 229.9
96 1 236.5
97 1 243.4
76 0 244.8
75 0 251.6
98 1 252.4
80 0 262.0
93 1 265.9
73 0 272.2
92 1 273.2
72 0 278.9
71 0 285.8
90 1 288.8
89 1 295.8
69 0 302.6
21 1 305.3
70 0 310.1
20 1 314.6
1 0 321.2
18 1 322.8
3 0 331.7
131 1 335.1
4 0 339.6
25 1 347.0
5 0 347.3
6 0 355.1
23 1 356.7
7 0 363.2
26 1 370.9
8 0 371.0
27 1 377.7
9 0 378.3
28 1 384.6
10 0 385.6
88 1 392.1
29 1 401.4
56 0 402.6
30 1 408.2
55 0 409.9
62 1 416.9
53 0 420.0
58 1 426.2
63 0 429.3
59 1 432.8
64 0 435.3
60 1 440.0
61 1 449.0
65 0 451.0
133 1 461.6
50 0 462.5
85 1 470.0
48 0 473.1
86 1 479.0
49 0 479.6
83 1 487.7
66 0 492.8
38 1 495.8
67 0 499.2
79 1 504.8
44 0 514.1
78 1 514.2
41 1 526.6
81 0 528.9
35 1 541.0
82 0 548.9
87 1 550.1
33 1 559.9
31 1 570.8
14 1 580.4
15 1 587.6
12 0 588.6
11 0 596.1
117 1 600.4
132 0 607.3
