87 1 53.1
1 0 54.8
9 3 55.4
80 2 58.5
8 3 63.6
2 0 65.1
73 2 70.4
72 2 79.1
124 1 86.2
71 2 88.3
62 3 89.8
110 1 102.3
31 3 103.4
133 0 105.5
69 2 105.8
109 1 109.5
14 3 114.5
70 2 115.3
108 1 116.6
15 3 121.7
126 1 126.9
1 2 128.2
16 3 128.9
27 0 130.7
127 1 133.7
26 0 138.0
128 1 140.3
3 2 140.4
117 3 142.0
25 0 148.6
129 1 148.9
4 2 150.3
5 2 160.1
104 1 166.6
29 3 168.6
6 2 170.0
12 0 173.3
7 2 179.9
11 0 181.4
97 1 182.9
8 2 189.7
98 1 191.9
132 0 193.7
89 3 196.8
9 2 199.2
90 3 204.3
10 2 208.7
91 3 212.4
122 1 216.1
92 3 221.2
120 1 225.5
56 2 226.9
93 3 229.6
113 0 232.0
123 1 234.4
55 2 236.2
94 3 238.2
112 0 242.7
118 1 243.5
95 3 245.9
53 2 248.3
96 3 253.3
63 2 259.4
125 0 259.5
99 3 267.5
64 2 267.8
35 1 270.0
100 3 275.4
36 1 276.5
101 3 283.0
37 1 283.4
65 2 284.8
38 1 289.7
131 0 290.6
102 3 291.0
39 1 295.9
50 2 297.8
103 3 302.1
83 1 302.5
18 0 305.8
84 1 308.6
48 2 310.0
19 0 313.2
86 1 315.6
49 2 318.6
20 0 320.7
40 1 328.3
21 0 330.9
66 2 333.2
82 1 334.7
130 3 336.1
22 0 339.0
67 2 342.0
41 1 343.2
23 0 347.4
42 1 350.0
43 1 357.6
44 2 357.8
78 1 367.5
81 2 370.2
88 3 374.9
79 1 376.9
58 0 383.6
41 2 386.2
59 0 390.9
33 3 394.2
82 2 397.5
60 0 398.8
34 3 401.4
61 0 409.5
38 2 410.1
87 3 410.6
76 1 412.2
75 1 418.8
36 2 421.9
85 0 430.8
35 2 430.8
85 3 439.6
87 2 443.9
33 2 456.0
60 1 459.8
61 1 468.7
31 2 469.6
12 2 482.2
11 2 491.9
132 2 504.7
14 2 525.7
15 2 535.0
16 2 543.8
117 2 557.9
124 2 572.9
125 2 588.7
113 2 600.3
112 2 612.1
110 2 624.7
109 2 634.4
108 2 647.0
126 2 666.3
127 2 679.5
128 2 692.6
129 2 709.5
106 2 731.6
120 2 752.5
118 2 768.3
123 2 791.0
122 2 817.1
104 2 840.2
100 2 857.7
101 2 873.6
102 2 889.3
103 2 908.4
95 2 941.1
96 2 954.6
97 2 968.5
98 2 987.0
93 2 1013.6
92 2 1027.4
130 2 1046.2
90 2 1067.0
89 2 1079.9
21 2 1099.4
20 2 1118.5
18 2 1135.9
131 2 1158.3
25 2 1181.4
23 2 1200.6
27 2 1228.8
28 2 1240.9
88 2 1255.8
29 2 1272.1
62 2 1291.9
58 2 1308.8
59 2 1322.0
60 2 1336.7
133 2 1368.0
85 2 1384.4
84 2 1409.0
79 2 1433.6
78 2 1452.7
76 2 1475.6
75 2 1487.3
