86 0 29.1
83 0 38.4
38 0 46.9
79 0 56.6
78 0 66.7
76 0 82.1
75 0 89.1
80 0 99.9
73 0 110.5
72 0 117.5
71 0 124.4
69 0 141.5
70 0 149.1
1 0 160.7
3 0 172.0
4 0 179.7
5 0 187.4
6 0 195.3
7 0 203.4
8 0 211.2
9 0 218.8
10 0 226.2
56 0 243.9
55 0 251.1
53 0 261.7
63 0 271.6
64 0 277.8
65 0 294.2
50 0 306.4
48 0 317.3
49 0 323.5
66 0 338.1
67 0 344.8
44 0 360.0
81 0 371.1
41 0 386.4
82 0 396.3
36 0 413.9
35 0 420.9
87 0 432.8
33 0 443.9
31 0 456.9
12 0 468.4
11 0 476.0
132 0 487.3
14 0 508.3
15 0 515.6
16 0 522.1
117 0 534.9
124 0 549.8
125 0 564.8
113 0 575.0
112 0 585.4
110 0 596.9
109 0 604.4
108 0 612.0
126 0 623.8
127 0 630.7
128 0 637.7
129 0 647.9
106 0 663.1
120 0 676.1
118 0 685.1
123 0 700.3
122 0 716.3
104 0 731.3
100 0 742.0
101 0 748.8
102 0 756.5
103 0 767.6
95 0 787.7
96 0 794.3
97 0 801.7
98 0 811.6
93 0 828.3
92 0 836.0
130 0 848.2
90 0 860.1
89 0 866.9
21 0 877.7
20 0 888.1
18 0 897.3
131 0 912.3
25 0 926.6
23 0 937.2
26 0 954.9
27 0 961.9
28 0 968.7
88 0 976.5
29 0 987.2
62 0 999.8
58 0 1010.4
59 0 1017.2
60 0 1024.7
61 0 1034.8
133 0 1049.7
85 0 1059.0
