2 0 21.7
11 1 24.9
3 0 30.3
8 1 33.5
4 0 38.7
12 1 43.0
5 0 48.2
13 1 49.8
6 0 55.7
14 1 56.6
7 0 64.4
47 1 71.4
12 0 72.3
13 0 80.1
48 1 80.3
14 0 88.0
15 0 95.8
16 0 103.1
54 1 105.9
17 0 111.5
55 1 113.2
18 0 120.1
56 1 120.5
19 0 128.8
57 1 132.5
58 1 140.0
129 0 145.6
59 1 147.3
60 1 154.5
130 0 160.1
61 1 162.1
131 0 166.7
62 1 169.3
63 1 175.9
64 1 182.7
132 0 185.1
65 1 191.1
124 0 196.2
66 1 204.9
42 0 206.3
67 1 211.8
68 1 218.6
125 0 219.0
134 1 225.6
39 0 228.8
107 1 235.6
34 0 240.0
84 1 245.2
122 0 251.3
95 1 256.9
121 0 262.7
94 1 263.5
106 1 274.2
119 0 277.3
92 1 284.7
118 0 284.8
91 1 291.9
123 0 297.0
87 1 302.4
88 1 308.8
116 0 308.8
89 1 316.0
51 0 318.8
90 1 325.0
52 0 326.7
53 0 334.5
135 1 338.4
69 1 346.5
109 0 352.4
70 1 353.2
113 1 360.0
80 0 364.8
114 1 366.0
81 0 373.3
71 1 376.8
82 0 380.6
112 1 384.1
108 0 388.3
72 1 395.1
83 0 398.0
73 1 402.5
97 0 405.0
74 1 409.2
75 1 415.2
98 0 416.0
99 0 424.2
76 1 425.5
100 0 431.8
110 1 432.0
111 1 438.4
101 0 448.4
78 1 451.8
102 0 455.7
79 1 458.9
103 0 463.4
105 0 472.1
104 0 483.1
49 0 496.9
20 1 501.8
21 1 507.8
45 0 508.1
46 0 515.5
22 1 517.8
127 1 524.7
133 0 528.9
128 1 531.0
23 1 542.4
37 1 549.3
38 1 559.4
47 0 565.4
48 0 576.4
32 1 576.9
31 1 583.3
126 1 593.1
29 1 602.6
28 1 609.2
54 0 609.6
27 1 615.9
55 0 617.9
25 1 626.2
56 0 626.4
26 1 633.4
115 0 635.0
57 0 646.5
58 0 655.1
59 0 663.5
129 1 668.7
60 0 671.9
61 0 680.6
130 1 681.3
131 1 687.2
62 0 688.9
63 0 696.5
132 1 702.5
64 0 704.3
124 1 712.3
65 0 714.4
42 1 721.3
66 0 731.6
125 1 731.7
67 0 739.4
39 1 740.4
68 0 747.2
122 1 754.9
134 0 755.2
107 0 766.9
121 1 768.4
119 1 776.5
84 0 777.3
118 1 783.1
95 0 792.2
123 1 793.2
94 0 799.8
116 1 803.0
106 0 812.2
92 0 824.8
109 1 826.1
91 0 833.1
80 1 836.6
81 1 843.7
87 0 845.1
82 1 850.3
88 0 852.3
108 1 857.1
89 0 860.6
90 0 871.2
98 1 872.1
99 1 879.3
100 1 886.4
135 0 887.5
69 0 897.3
101 1 899.8
70 0 904.9
102 1 906.2
113 0 912.0
103 1 912.8
114 0 918.8
104 1 925.9
71 0 931.4
112 0 940.9
72 0 953.0
73 0 961.9
74 0 969.3
75 0 975.9
76 0 988.1
110 0 996.1
111 0 1003.1
20 0 1075.0
21 0 1081.7
22 0 1094.0
127 0 1101.6
128 0 1109.1
23 0 1121.9
37 0 1130.1
38 0 1142.1
32 0 1164.2
31 0 1171.7
126 0 1183.3
29 0 1194.5
28 0 1201.9
27 0 1209.5
25 0 1221.9
26 0 1230.0
