24 0 29.7
81 1 30.4
23 0 36.9
41 1 43.2
26 0 54.2
38 1 57.1
27 0 61.2
36 1 65.9
28 0 68.2
35 1 72.7
88 0 75.8
87 1 82.7
33 1 94.9
25 0 99.5
62 1 104.0
18 0 109.6
58 1 113.5
19 0 116.3
59 1 120.2
20 0 123.2
60 1 127.6
21 0 132.4
89 0 142.9
133 1 144.0
90 0 150.1
55 1 152.8
91 0 157.4
56 1 159.6
130 0 165.5
53 1 175.6
92 0 177.2
63 1 183.9
93 0 184.8
64 1 190.1
94 0 192.9
95 0 200.1
65 1 203.5
96 0 206.8
50 1 213.6
97 0 213.8
48 1 223.5
98 0 223.9
49 1 229.7
99 0 239.2
66 1 241.5
100 0 246.9
67 1 247.9
101 0 254.0
44 1 260.6
102 0 261.5
103 0 271.7
78 1 272.4
79 1 282.3
104 0 287.6
105 0 294.4
83 1 294.6
84 1 301.0
106 0 301.4
107 0 307.8
85 1 308.6
126 0 315.5
86 1 322.0
127 0 322.6
128 0 329.6
129 0 339.2
76 1 342.6
75 1 349.5
108 0 355.5
109 0 363.0
73 1 363.4
72 1 370.3
110 0 370.8
71 1 377.2
111 0 378.5
115 0 390.4
69 1 391.3
124 0 398.2
70 1 398.8
116 0 409.4
3 1 413.7
118 0 416.4
4 1 421.0
119 0 422.9
5 1 428.7
120 0 429.2
121 0 435.2
6 1 436.1
8 1 446.5
122 0 450.2
9 1 453.7
10 1 461.0
123 0 465.8
11 1 472.7
12 1 480.1
117 0 480.8
13 1 487.6
15 0 496.7
16 0 502.9
113 1 505.6
131 0 510.6
112 1 514.6
125 1 527.6
125 0 546.5
31 1 548.4
29 1 557.5
112 0 561.6
