48 0 36.4
124 2 39.1
63 1 39.3
64 1 45.1
49 0 46.2
66 0 59.1
110 2 59.3
67 0 65.7
60 1 66.3
109 2 68.4
61 1 75.2
108 2 77.4
44 0 80.5
126 2 89.5
81 0 91.0
86 1 95.6
127 2 98.0
83 1 104.2
128 2 106.6
76 0 110.3
40 1 112.6
129 2 116.9
75 0 117.1
82 1 119.2
41 1 127.5
80 0 127.5
106 2 131.9
42 1 134.4
73 0 137.6
43 1 142.1
104 2 142.2
72 0 144.6
71 0 151.5
78 1 151.8
93 2 156.5
79 1 161.2
92 2 165.6
69 0 167.9
36 1 170.6
70 0 175.5
35 1 177.3
90 2 177.4
89 2 186.1
1 0 186.7
27 1 196.5
3 0 197.2
26 1 203.3
4 0 205.0
130 2 205.1
25 1 212.2
5 0 212.8
6 0 220.5
131 1 224.4
95 2 225.6
7 0 228.7
96 2 233.9
56 0 236.0
97 2 242.6
55 0 243.1
113 1 246.4
133 0 252.9
98 2 253.5
112 1 255.4
62 0 262.0
125 1 268.1
100 2 271.3
31 0 274.5
101 2 279.9
102 2 288.8
12 1 289.3
29 0 290.9
11 1 296.5
103 2 300.0
88 0 301.2
132 1 306.6
9 1 315.7
33 0 318.9
8 1 322.8
122 2 323.8
34 0 325.6
87 0 333.9
120 2 335.1
123 2 345.6
18 1 356.2
58 0 356.2
118 2 356.6
19 1 362.8
59 0 363.1
117 2 367.0
21 1 373.5
85 0 380.1
22 1 380.9
15 2 382.3
23 1 388.6
16 2 390.6
53 0 395.9
65 0 410.3
38 1 419.5
50 0 421.9
