123 1 49.6
10 3 50.8
1 0 51.5
126 2 52.1
116 1 67.3
49 1 76.4
34 0 88.9
132 2 91.0
130 1 93.3
131 1 99.4
122 0 100.2
133 2 102.3
17 1 109.9
119 0 111.6
45 2 113.2
100 3 113.7
129 1 117.4
118 0 119.2
46 2 121.9
18 1 127.8
47 2 131.1
81 3 132.9
19 1 135.4
82 3 140.2
20 1 142.1
48 2 142.8
108 3 147.5
21 1 148.0
83 3 157.0
22 1 158.2
84 3 164.1
127 1 164.6
85 3 170.8
128 1 171.1
107 0 171.2
54 2 172.8
23 1 181.9
134 0 182.3
55 2 182.5
67 3 185.2
24 1 188.7
56 2 192.2
66 3 192.8
69 0 193.2
37 1 197.6
70 0 200.6
62 3 204.4
38 1 207.1
57 2 207.4
63 3 212.0
135 0 213.7
58 2 217.2
64 3 219.3
87 0 223.8
32 1 224.3
59 2 227.0
65 3 229.2
31 1 230.6
88 0 230.9
60 2 237.1
126 1 240.3
91 0 245.8
61 2 247.3
29 1 249.5
92 0 254.2
28 1 255.8
27 1 262.7
93 0 262.7
71 3 263.1
106 0 271.6
112 3 271.9
25 1 272.5
72 2 273.8
26 1 279.7
94 0 283.4
73 2 283.5
113 3 286.3
3 1 290.2
95 0 291.0
74 2 292.4
114 3 293.0
4 1 297.5
75 2 300.8
5 1 304.9
6 1 312.1
76 2 313.4
7 1 319.8
89 3 321.9
110 2 322.3
12 1 326.9
111 2 331.1
90 3 332.3
13 1 333.7
121 0 341.9
77 2 344.9
42 0 351.2
78 2 353.9
52 1 353.9
43 0 358.0
53 1 360.7
79 2 363.3
97 3 363.6
124 0 366.0
98 3 374.2
125 0 383.5
104 1 391.6
39 0 393.6
101 1 403.1
105 3 403.7
8 2 404.9
9 2 414.2
102 1 414.4
32 0 422.9
116 3 422.9
11 2 422.9
105 1 423.9
117 3 430.1
31 0 430.2
118 3 438.3
126 0 441.7
119 3 445.9
100 1 446.7
15 2 448.0
29 0 452.4
120 3 453.5
16 2 457.2
28 0 459.9
121 3 460.5
27 0 467.3
130 2 471.6
122 3 475.6
118 1 476.4
131 2 479.8
119 1 483.1
32 3 487.2
120 1 490.1
3 0 491.1
17 2 493.1
31 3 494.7
121 1 496.3
4 0 499.7
129 2 503.2
42 1 504.3
126 3 505.9
5 0 508.1
43 1 510.4
18 2 516.4
6 0 516.5
29 3 516.8
124 1 517.7
28 3 524.5
7 0 525.2
19 2 526.3
132 1 526.9
27 3 531.9
8 0 533.1
20 2 535.3
45 1 539.5
9 0 540.7
21 2 543.7
25 3 544.0
46 1 545.8
11 0 548.2
26 3 552.2
47 1 552.6
22 2 556.3
48 1 561.7
3 3 564.9
127 2 565.1
12 0 565.3
13 0 573.1
4 3 573.4
128 2 573.9
5 3 581.7
132 0 584.0
8 1 585.9
23 2 587.4
6 3 590.7
9 1 592.7
24 2 596.4
11 1 599.0
133 0 600.6
37 2 608.1
45 0 610.6
11 3 611.3
46 0 617.9
38 2 620.4
47 0 625.7
34 2 635.8
48 0 636.4
15 3 638.1
125 1 640.0
16 3 645.8
39 1 648.5
39 2 652.5
130 3 652.5
49 0 653.2
131 3 659.2
40 2 661.5
122 1 662.9
52 0 666.6
125 2 670.1
17 3 672.0
53 0 674.4
129 3 681.1
54 0 683.2
124 2 687.9
54 1 690.8
55 0 691.3
18 3 693.4
55 1 698.1
56 0 699.9
19 3 701.8
115 0 708.3
20 3 709.0
57 1 713.4
21 3 715.8
57 0 719.5
58 1 720.8
22 3 727.5
58 0 727.8
59 1 728.2
109 2 729.4
127 3 734.9
60 1 735.4
59 0 736.3
128 3 741.9
80 2 742.5
61 1 742.9
60 0 744.9
62 1 750.2
81 2 752.0
61 0 753.4
23 3 754.9
63 1 757.1
82 2 760.9
62 0 761.5
64 1 763.8
37 3 768.2
63 0 769.1
108 2 769.9
38 3 779.8
83 2 780.6
66 1 781.4
65 0 782.1
67 1 788.2
84 2 789.5
68 1 795.1
34 3 795.2
85 2 797.7
66 0 799.1
69 1 802.3
67 0 806.9
107 2 807.3
70 1 808.7
39 3 811.6
113 1 815.1
40 3 819.2
134 2 819.4
114 1 821.1
113 0 823.2
125 3 826.3
112 1 834.5
71 0 838.1
42 3 838.3
62 2 839.6
72 1 844.8
43 3 845.0
112 0 846.6
63 2 848.9
73 1 852.3
124 3 852.9
64 2 857.8
74 1 859.0
72 0 859.0
132 3 864.0
75 1 865.0
73 0 867.7
65 2 868.8
74 0 875.5
110 1 876.9
45 3 879.4
75 0 881.7
111 1 883.1
46 3 886.6
76 0 893.4
47 3 894.3
110 0 900.8
112 2 902.6
81 1 904.2
48 3 905.1
111 0 908.0
82 1 910.7
113 2 917.9
77 0 921.0
83 1 921.0
114 2 926.2
84 1 927.4
52 3 931.3
85 1 933.4
78 0 934.7
53 3 938.9
107 1 940.5
79 0 942.2
135 2 943.3
54 3 947.8
134 1 950.1
109 0 950.6
87 2 954.7
55 3 956.0
135 1 959.1
80 0 962.7
88 2 963.8
56 3 964.6
87 1 967.3
81 0 970.7
115 3 972.6
89 2 973.0
88 1 973.8
82 0 978.0
57 3 984.0
108 0 985.3
58 3 992.3
83 0 994.5
91 2 995.0
92 1 997.6
59 3 1000.7
84 0 1001.5
93 1 1004.8
60 3 1009.1
106 2 1011.5
94 1 1017.8
95 1 1024.6
89 0 1028.4
96 2 1029.0
97 1 1033.2
90 0 1038.8
72 3 1042.6
98 2 1046.5
73 3 1051.1
74 3 1058.4
75 3 1065.0
101 2 1068.2
76 3 1076.8
102 2 1077.0
77 3 1084.3
103 2 1086.1
100 0 1086.8
105 2 1095.8
78 3 1098.1
104 2 1107.6
105 0 1109.0
109 3 1109.9
116 2 1120.7
117 2 1129.7
110 3 1129.8
111 3 1136.8
118 2 1139.4
119 2 1148.6
15 0 1151.7
16 0 1159.2
130 0 1166.0
131 0 1172.9
107 3 1177.4
17 0 1185.5
29 2 1187.2
129 0 1194.1
28 2 1196.3
27 2 1205.3
18 0 1206.6
91 3 1212.7
19 0 1215.2
25 2 1217.8
92 3 1220.9
20 0 1222.6
26 2 1227.4
21 0 1229.4
93 3 1229.6
106 3 1238.3
3 2 1240.9
22 0 1240.9
127 0 1248.3
94 3 1250.0
4 2 1250.6
128 0 1255.6
95 3 1257.5
5 2 1260.6
6 2 1270.4
38 0 1284.2
