129 0 49.4
3 1 50.8
4 1 58.2
126 0 58.6
124 2 58.7
5 1 65.8
106 0 68.5
125 2 73.1
6 1 73.2
120 0 80.5
7 1 81.0
113 2 83.8
8 1 88.4
118 0 89.1
112 2 94.6
9 1 95.6
10 1 102.8
123 0 103.9
110 2 106.4
109 2 115.4
56 1 117.0
122 0 119.4
55 1 123.9
108 2 124.5
53 1 133.4
104 0 137.7
128 2 141.0
63 1 141.8
64 1 148.1
93 0 151.8
92 0 159.5
65 1 161.0
117 2 169.7
130 0 171.4
50 1 171.4
48 1 180.8
90 0 182.2
12 2 183.6
49 1 187.1
89 0 189.2
11 2 192.5
66 1 198.7
23 0 199.8
132 2 204.2
67 1 205.2
24 0 207.4
25 0 214.2
9 2 215.5
44 1 217.8
8 2 224.2
81 1 227.2
26 0 229.1
56 2 235.7
27 0 236.0
41 1 239.6
28 0 243.0
55 2 244.3
88 0 250.5
38 1 253.1
133 2 255.3
29 0 260.7
36 1 261.8
58 2 265.4
30 0 267.7
35 1 268.6
59 2 273.7
32 0 273.8
87 1 278.6
33 0 280.8
60 2 282.4
34 0 289.0
61 2 293.3
83 1 297.3
62 0 301.8
84 1 303.7
57 0 310.0
86 1 310.9
85 0 320.6
79 1 327.0
18 2 329.5
83 0 330.0
78 1 336.4
19 2 337.8
86 0 344.0
21 2 346.9
22 2 355.8
14 1 370.2
31 0 372.2
15 1 376.9
16 1 383.6
14 0 383.6
102 2 388.4
17 1 391.4
18 1 398.6
103 2 399.5
19 1 405.2
21 1 415.7
22 1 423.0
95 0 424.7
96 0 431.3
89 1 434.2
97 0 438.6
90 1 440.9
91 1 447.8
98 0 448.1
100 1 465.9
76 2 469.3
101 1 472.7
75 2 477.8
80 2 489.1
73 2 500.2
72 2 508.6
71 2 517.2
76 1 525.1
69 2 529.0
75 1 531.5
73 0 533.8
70 2 537.8
72 0 540.5
80 1 540.9
71 0 547.4
