39 0 59.7
57 3 60.1
81 1 62.3
1 2 63.2
38 0 66.0
58 3 66.8
2 2 71.3
59 3 73.5
60 3 80.7
3 2 80.8
41 1 81.7
79 0 84.1
4 2 89.9
61 3 90.2
78 1 94.7
5 2 99.1
76 1 103.4
133 3 104.6
6 2 108.4
75 1 110.2
40 0 110.9
80 1 119.9
7 2 121.0
8 3 123.4
73 1 129.0
9 3 131.0
72 1 135.9
11 2 138.1
10 3 138.1
71 1 142.6
132 3 145.6
12 2 147.1
69 1 152.5
13 2 156.3
70 1 159.8
89 0 162.5
90 0 169.6
118 2 171.3
3 1 174.5
91 0 176.9
119 2 179.4
4 1 181.8
92 0 184.8
123 2 188.7
5 1 189.3
27 3 192.4
93 0 195.4
6 1 196.9
26 3 199.3
120 2 200.1
94 0 203.3
7 1 204.5
121 2 207.4
25 3 209.1
56 1 211.8
122 2 216.7
55 1 218.9
130 0 222.5
131 3 223.1
104 2 230.9
62 1 231.5
18 3 237.5
31 1 242.3
95 0 244.1
19 3 244.3
108 2 250.8
20 3 250.9
96 0 251.0
14 1 251.4
97 0 257.9
109 2 259.8
21 3 260.2
15 1 264.6
22 3 267.7
98 0 267.7
110 2 268.8
16 1 271.0
23 3 275.6
111 2 278.1
99 0 283.2
117 1 287.2
112 2 290.6
100 0 290.8
101 0 297.8
113 2 301.5
88 3 303.3
102 0 305.0
114 2 309.3
103 0 315.0
125 2 318.5
33 3 320.8
34 3 327.5
115 2 330.1
44 1 335.5
87 3 335.5
106 0 338.6
107 0 345.0
124 2 345.2
126 0 352.6
66 1 354.7
127 0 359.7
67 1 361.1
53 3 362.1
128 0 366.4
48 1 372.7
126 2 374.5
129 0 375.7
50 3 376.5
49 1 379.2
127 2 383.1
65 3 395.7
129 2 395.8
63 3 409.3
64 3 415.3
