57 0 32.2
125 2 33.3
15 1 33.5
58 0 38.9
16 1 41.4
59 0 45.6
113 2 46.5
131 1 48.7
60 0 52.6
112 2 57.4
17 1 58.6
61 0 63.8
18 1 65.7
115 2 72.3
19 1 72.5
124 2 81.3
21 1 83.1
22 1 90.3
8 0 92.9
23 1 97.8
9 0 100.1
122 2 103.3
24 1 104.9
10 0 107.5
25 1 111.8
11 0 115.4
12 0 122.9
26 1 124.4
93 2 125.6
13 0 130.9
27 1 131.3
92 2 134.6
14 0 137.8
28 1 138.1
117 0 144.7
88 1 145.5
130 2 147.2
29 1 154.7
90 2 158.7
30 1 161.4
118 0 161.7
89 2 167.4
32 1 168.1
119 0 168.2
120 0 174.4
62 1 175.1
121 0 180.5
58 1 184.4
59 1 191.0
104 0 191.1
95 2 194.7
133 1 201.7
96 2 203.0
85 1 210.3
97 2 211.6
123 0 214.7
86 1 219.2
98 2 222.4
83 1 228.1
38 1 236.1
100 2 240.5
79 1 245.1
132 0 248.7
101 2 248.9
78 1 254.3
102 2 257.9
76 1 266.8
103 2 268.9
75 1 273.7
53 0 281.2
80 1 283.0
106 2 288.8
63 0 290.3
73 1 292.5
64 0 296.7
107 2 296.7
72 1 299.1
126 2 305.7
71 1 305.8
65 0 312.0
127 2 314.3
69 1 319.9
128 2 322.9
50 0 323.5
70 1 327.1
129 2 333.3
48 0 335.7
49 0 342.3
108 2 349.2
41 1 354.0
66 0 355.4
109 2 358.3
67 0 361.9
110 2 367.5
36 1 368.1
35 1 374.9
33 1 384.1
1 0 390.4
123 2 394.1
31 1 394.7
3 0 400.9
4 0 408.8
5 0 416.5
6 0 424.3
81 1 446.7
87 2 459.3
