78 1 62.2
122 0 62.6
81 3 63.5
95 2 67.2
76 1 74.8
96 2 75.4
104 0 76.4
41 3 77.7
75 1 81.5
97 2 84.1
100 0 86.6
82 3 87.0
80 1 90.9
101 0 93.6
98 2 95.1
38 3 97.9
73 1 100.1
102 0 101.0
72 1 106.9
36 3 107.2
93 2 110.8
103 0 110.8
71 1 113.8
35 3 114.2
92 2 119.8
87 3 125.4
69 1 127.7
95 0 130.1
130 2 132.5
70 1 135.0
33 3 135.9
96 0 136.8
97 0 144.0
90 2 144.1
31 3 147.9
3 1 149.6
89 2 152.7
98 0 153.6
4 1 156.9
12 3 158.8
21 2 164.2
5 1 164.4
11 3 166.4
93 0 169.6
6 1 171.9
20 2 175.1
92 0 177.2
132 3 177.3
7 1 179.5
18 2 185.0
8 1 187.1
130 0 189.0
9 1 194.2
14 3 197.8
131 2 199.6
90 0 200.0
10 1 201.4
15 3 204.5
89 0 206.9
16 3 211.2
56 1 216.0
21 0 217.6
55 1 222.9
20 0 227.6
53 1 232.4
124 3 233.3
18 0 236.5
25 2 239.0
63 1 240.7
64 1 246.9
125 3 247.0
23 2 250.5
113 3 256.7
65 1 260.2
112 3 266.4
26 2 267.0
50 1 270.4
27 2 275.4
110 3 277.4
48 1 280.0
28 2 284.1
109 3 285.0
63 0 285.4
49 1 286.1
64 0 291.7
108 3 292.7
88 2 293.2
66 1 298.0
126 3 303.8
29 2 304.1
67 1 304.3
65 0 306.9
127 3 310.9
30 2 312.7
44 1 316.7
128 3 317.6
50 0 318.4
81 1 326.3
129 3 326.9
41 1 338.7
106 3 341.7
66 2 346.8
41 0 347.0
83 1 349.1
104 3 351.0
67 2 354.8
84 1 355.4
86 1 362.6
85 0 363.8
100 3 367.7
68 2 369.5
101 3 374.9
58 0 378.0
71 2 378.5
79 1 378.6
102 3 382.0
59 0 384.8
72 2 386.7
60 0 391.8
103 3 392.1
73 2 395.2
61 0 401.4
74 2 404.0
122 3 418.1
124 1 421.0
69 2 422.7
70 2 431.5
118 1 433.0
119 1 439.3
29 0 456.6
