63 2 44.8
82 1 48.6
61 0 48.8
64 2 52.1
39 1 57.1
58 0 58.1
38 1 63.2
57 0 68.2
133 2 69.2
79 1 72.5
62 0 75.7
78 1 81.7
29 2 85.0
31 0 88.2
41 1 90.7
27 2 96.0
12 0 99.0
26 2 104.4
43 1 104.4
11 0 106.6
81 1 111.8
25 2 115.1
132 0 117.7
71 1 127.6
9 0 127.7
131 2 129.4
72 1 134.3
8 0 135.1
73 1 141.1
18 2 143.7
74 1 148.2
19 2 152.2
80 1 155.7
75 1 164.7
21 2 164.7
14 0 165.8
76 1 171.5
15 0 172.7
22 2 173.6
16 0 179.5
23 2 182.8
117 0 191.6
88 2 201.2
113 0 207.6
124 1 211.0
112 0 217.5
33 2 218.2
110 1 226.4
34 2 226.6
125 0 232.5
109 1 233.8
87 2 236.2
108 1 241.3
35 2 247.8
36 2 256.3
93 1 261.7
104 0 262.0
37 2 265.0
92 1 268.9
83 2 276.7
90 1 278.9
97 0 280.6
84 2 284.6
89 1 285.8
98 0 290.2
86 2 293.4
130 1 302.4
85 2 304.6
106 0 313.7
95 1 320.1
107 0 320.1
65 2 323.6
96 1 326.7
126 0 327.5
127 0 334.7
50 2 335.8
100 1 340.6
128 0 341.5
48 2 347.2
101 1 347.5
129 0 350.8
102 1 354.6
49 2 355.1
103 1 364.1
66 2 369.1
122 0 377.1
67 2 377.2
120 1 389.2
44 2 391.9
123 0 392.5
118 1 402.4
68 2 407.5
69 2 416.9
70 2 425.9
88 1 426.6
33 0 441.5
3 2 442.8
87 1 446.1
34 0 448.2
4 2 451.9
87 0 456.4
5 2 461.2
85 1 467.4
6 2 470.4
83 1 475.8
7 2 479.9
85 0 482.9
