78 1 58.7
122 0 60.8
95 2 64.0
81 3 64.7
96 2 72.2
41 3 78.8
97 2 81.2
85 1 81.3
82 3 88.6
53 1 90.7
98 2 92.0
131 0 99.0
63 1 99.4
83 3 99.6
64 1 105.6
84 3 105.9
99 2 107.6
17 0 110.4
86 3 113.3
100 2 116.7
18 0 117.6
65 1 119.0
19 0 124.5
101 2 125.0
38 3 127.0
50 1 129.5
20 0 131.4
102 2 134.1
36 3 136.3
21 0 140.6
35 3 143.4
103 2 145.5
22 0 148.2
3 1 153.7
23 0 156.0
104 2 161.1
4 1 161.2
79 3 163.2
24 0 163.5
5 1 168.7
105 2 169.5
25 0 170.6
6 1 176.1
122 2 182.4
7 1 183.9
76 3 184.3
26 0 185.9
75 3 191.3
8 1 191.5
27 0 192.8
120 2 193.8
9 1 198.7
28 0 199.8
80 3 201.8
123 2 204.6
10 1 205.7
88 0 207.4
73 3 212.0
11 1 213.6
118 2 215.7
29 0 217.5
72 3 219.0
12 1 220.8
30 0 224.5
71 3 225.9
117 2 226.4
13 1 228.3
32 0 231.0
69 3 237.1
33 0 237.9
15 2 241.9
70 3 244.6
34 0 244.6
113 1 246.3
16 2 250.1
87 0 252.9
112 1 255.7
1 3 256.0
125 1 268.6
62 0 269.2
124 2 270.8
133 0 279.3
46 3 279.7
47 3 286.9
110 2 289.5
58 0 292.8
48 3 293.2
132 1 297.2
109 2 298.5
59 0 299.4
49 3 299.7
108 2 307.6
66 3 313.2
56 1 313.8
126 2 319.8
67 3 319.8
55 1 320.8
31 0 320.9
127 2 328.3
44 3 334.4
60 1 337.1
128 2 337.2
61 1 346.4
106 2 356.7
93 0 362.1
92 0 369.7
93 2 374.9
61 3 377.0
89 1 380.8
90 0 381.1
92 2 384.0
89 0 389.3
92 1 394.0
90 2 395.9
93 1 400.8
94 1 408.1
130 0 408.6
