87 0 22.8
65 1 25.9
33 0 32.9
50 1 36.1
31 0 44.8
48 1 45.8
49 1 52.0
12 0 55.8
11 0 63.4
66 1 63.7
67 1 70.2
132 0 74.2
44 1 82.6
81 1 92.1
14 0 94.7
15 0 101.6
41 1 104.5
16 0 108.3
82 1 113.1
117 0 120.5
38 1 123.0
36 1 131.5
124 0 134.3
35 1 138.4
125 0 148.3
87 1 148.3
113 0 157.9
33 1 158.0
112 0 167.7
31 1 168.4
12 1 178.1
110 0 178.5
11 1 185.4
109 0 186.1
108 0 193.9
132 1 195.4
126 0 205.0
14 1 212.0
127 0 212.0
128 0 218.8
15 1 218.9
16 1 225.5
129 0 228.0
117 1 236.4
106 0 242.8
124 1 248.1
120 0 254.9
125 1 260.4
118 0 263.5
113 1 269.2
112 1 278.1
123 0 278.4
110 1 288.0
122 0 293.5
109 1 295.3
108 1 302.6
104 0 307.7
93 0 321.8
92 0 329.4
131 1 333.0
130 0 341.5
17 1 343.2
18 1 350.3
90 0 352.5
19 1 357.1
89 0 359.5
21 1 367.7
22 1 375.0
23 1 382.5
24 1 389.7
26 1 397.3
27 1 404.0
79 0 407.5
28 1 410.9
76 0 418.5
88 1 418.8
75 0 425.4
29 1 428.1
80 0 436.2
62 1 439.0
73 0 446.6
58 1 448.8
72 0 453.6
59 1 455.6
71 0 460.4
60 1 463.0
69 0 471.7
61 1 472.3
70 0 479.2
133 1 484.7
1 0 490.8
85 1 493.4
83 1 501.8
86 1 514.0
78 0 523.5
55 1 527.4
56 1 534.6
6 1 545.2
5 1 552.4
4 1 559.6
3 1 567.4
8 1 591.3
95 0 597.4
9 1 598.6
96 0 604.2
97 0 611.5
98 0 621.6
53 1 622.5
63 1 636.5
100 0 640.9
64 1 642.7
101 0 647.8
102 0 655.4
103 0 665.8
25 1 677.1
95 1 714.2
96 1 720.5
88 0 724.1
97 1 727.8
62 0 742.5
100 1 748.3
58 0 753.2
101 1 755.1
59 0 760.1
102 1 762.6
60 0 767.6
103 1 772.5
61 0 777.3
133 0 792.5
85 0 801.9
83 0 811.5
79 1 822.2
