2 0 39.1
29 2 43.0
28 2 52.0
27 2 61.0
8 0 69.9
9 0 77.1
38 2 80.7
100 1 86.2
12 0 91.8
81 1 95.4
34 2 95.9
13 0 99.6
82 1 101.7
14 0 107.3
32 2 107.5
83 1 112.0
133 0 114.6
31 2 116.6
84 1 118.4
45 0 124.1
85 1 124.3
107 1 131.3
46 0 131.4
122 2 136.4
47 0 139.0
134 1 140.6
119 2 148.5
48 0 149.4
62 1 157.3
118 2 157.7
63 1 164.0
49 0 166.3
116 2 169.6
64 1 170.7
50 0 174.1
65 1 179.4
51 2 180.0
52 0 184.8
104 2 189.5
53 0 192.2
135 1 199.8
54 0 201.0
102 2 201.2
87 1 207.9
55 0 208.9
101 2 210.2
88 1 214.4
56 0 217.5
89 1 221.4
115 0 226.4
90 1 230.1
109 2 231.1
57 0 238.7
91 1 244.2
58 0 247.3
92 1 251.4
59 0 255.7
93 1 258.7
105 2 259.0
60 0 264.1
106 1 266.6
61 0 272.8
94 1 276.3
66 0 280.7
95 1 283.0
123 2 283.2
67 0 288.4
96 1 289.8
97 1 296.2
68 0 296.2
121 2 302.6
69 0 304.0
98 1 308.5
70 0 311.6
42 2 313.1
113 0 318.4
43 2 321.5
114 0 325.1
124 2 330.8
71 0 337.6
132 2 342.8
17 1 344.7
112 0 346.1
129 1 352.2
15 2 354.6
72 0 358.7
18 1 362.6
16 2 363.7
73 0 367.3
19 1 369.9
130 2 372.3
74 0 374.2
20 1 376.6
131 2 380.7
75 0 381.2
21 1 382.5
22 1 392.5
76 0 392.9
127 1 399.0
110 0 400.0
128 1 405.1
111 0 407.5
125 2 409.4
23 1 416.2
77 0 420.3
39 2 420.3
37 1 422.6
78 0 427.6
79 0 435.2
24 1 436.4
25 1 443.8
26 2 451.9
3 1 456.7
4 1 464.0
3 2 464.9
109 0 468.8
5 1 471.3
4 2 474.7
6 1 478.8
80 0 481.0
5 2 484.5
81 0 488.9
6 2 494.2
82 0 496.2
108 0 503.4
7 2 504.4
130 1 512.2
83 0 512.9
8 2 513.9
131 1 518.4
84 0 519.7
9 2 523.1
85 0 526.5
132 1 533.2
107 0 534.6
12 2 537.8
124 1 542.3
134 0 545.3
13 2 547.1
42 1 551.0
133 2 558.7
125 1 561.1
62 0 566.4
39 1 569.3
45 2 569.4
63 0 574.0
46 2 578.5
64 0 581.5
38 1 582.1
47 2 587.6
65 0 591.2
34 1 594.3
48 2 599.2
32 1 603.3
31 1 609.9
49 2 615.6
135 0 617.7
122 1 626.1
87 0 627.2
52 2 629.7
88 0 634.5
121 1 635.4
53 2 639.1
89 0 642.3
119 1 647.1
54 2 649.1
90 0 652.6
118 1 653.8
55 2 658.6
123 1 663.8
56 2 668.6
91 0 670.0
116 1 673.5
115 2 678.2
92 0 678.4
52 1 684.1
93 0 687.0
57 2 690.5
53 1 690.9
106 0 695.6
54 1 698.5
58 2 700.2
55 1 705.7
94 0 707.4
59 2 710.0
56 1 713.1
95 0 715.1
60 2 719.8
96 0 722.7
57 1 725.1
97 0 729.6
61 2 730.1
58 1 732.4
62 2 739.7
59 1 739.9
98 0 745.1
60 1 747.1
63 2 748.6
99 0 753.1
64 2 757.8
100 0 760.4
69 1 764.6
65 2 768.9
70 1 771.3
