64 0 27.7
24 1 28.4
63 0 33.4
23 1 35.4
65 0 47.0
26 1 50.0
27 1 56.9
50 0 58.4
28 1 63.7
48 0 68.8
49 0 75.1
29 1 75.5
30 1 82.3
66 0 88.4
62 1 90.8
67 0 94.9
58 1 100.1
59 1 106.9
44 0 109.6
60 1 114.1
81 0 120.1
61 1 122.9
41 0 134.3
133 1 135.3
85 1 143.9
82 0 143.9
86 1 152.8
38 0 154.5
83 1 161.7
36 0 164.0
38 1 169.7
35 0 170.9
79 1 178.7
87 0 182.1
78 1 187.9
33 0 192.6
76 1 200.4
31 0 204.3
75 1 207.3
12 0 215.3
80 1 216.6
11 0 222.8
73 1 225.9
72 1 232.6
132 0 233.9
71 1 239.4
69 1 253.7
14 0 254.5
70 1 261.0
15 0 261.6
16 0 268.3
3 1 275.8
117 0 280.5
4 1 283.2
5 1 290.8
124 0 294.3
6 1 298.3
7 1 305.8
125 0 309.1
8 1 314.0
113 0 319.0
9 1 321.0
10 1 327.9
112 0 328.8
110 0 339.6
56 1 342.3
109 0 347.2
55 1 349.3
108 0 354.9
53 1 358.7
126 0 366.0
63 1 367.1
127 0 373.1
64 1 373.6
128 0 380.1
65 1 386.8
129 0 389.8
50 1 397.0
106 0 404.9
49 1 408.8
48 1 415.5
120 0 417.2
66 1 426.0
118 0 426.2
67 1 432.1
123 0 441.2
44 1 445.0
81 1 454.9
122 0 457.0
41 1 468.5
104 0 471.4
100 0 481.9
36 1 486.8
101 0 488.9
35 1 493.6
102 0 497.1
87 1 504.2
103 0 507.9
33 1 514.2
31 1 525.0
95 0 528.0
96 0 534.7
12 1 535.3
97 0 542.2
11 1 542.7
98 0 552.3
132 1 553.4
93 0 568.7
14 1 570.3
92 0 576.5
15 1 577.7
16 1 584.2
130 0 588.5
117 1 595.2
90 0 599.5
89 0 606.8
124 1 607.8
21 0 617.7
125 1 620.6
20 0 627.8
112 1 634.8
18 0 636.8
110 1 645.4
109 1 652.6
131 0 652.7
108 1 660.0
25 0 667.1
126 1 670.5
