57 3 52.3
39 0 53.5
1 2 54.8
81 1 57.7
58 3 58.9
38 0 59.6
2 2 63.0
59 3 65.6
36 0 68.7
41 1 69.8
3 2 72.3
60 3 72.6
35 0 75.8
4 2 81.5
61 3 82.4
5 2 90.8
83 1 91.7
87 0 94.9
133 3 96.7
84 1 97.9
6 2 100.0
33 0 105.3
7 2 109.4
8 1 116.1
56 2 118.3
9 1 123.3
55 2 127.0
10 1 130.5
17 3 133.3
11 1 138.1
53 2 138.3
124 0 138.9
18 3 140.6
12 1 145.3
19 3 147.4
63 2 148.6
13 1 152.8
20 3 154.0
64 2 156.5
110 0 157.4
14 1 159.9
21 3 163.3
109 0 164.9
15 1 166.7
22 3 170.8
50 2 171.7
108 0 172.7
16 1 173.3
89 3 178.0
131 1 180.7
126 0 183.9
90 3 185.1
44 2 187.5
127 0 190.8
91 3 192.5
117 1 194.1
128 0 197.8
92 3 200.5
78 2 201.2
129 0 207.0
113 1 207.7
93 3 208.2
79 2 212.6
94 3 216.2
112 1 216.6
106 0 221.8
95 3 223.3
76 2 229.3
125 1 229.4
96 3 230.1
104 0 231.1
75 2 237.8
100 3 246.2
80 2 249.1
97 0 249.7
31 1 250.0
101 3 253.3
29 1 259.2
98 0 259.3
73 2 260.3
102 3 260.5
27 1 268.4
72 2 268.6
103 3 270.6
26 1 275.2
71 2 277.1
122 0 287.5
69 2 289.0
88 1 290.8
120 0 297.5
70 2 297.9
130 3 301.7
62 1 305.8
123 0 307.3
118 0 317.0
23 3 321.8
66 2 322.5
86 1 322.6
24 3 329.4
67 2 330.7
25 3 336.3
112 0 340.0
48 2 344.5
49 2 352.7
26 3 353.1
125 0 355.2
132 1 357.7
27 3 360.0
