24 0 31.6
81 1 32.1
23 0 38.9
41 1 44.3
82 1 52.8
26 0 55.9
38 1 62.6
27 0 62.9
28 0 69.9
36 1 71.3
88 0 77.6
35 1 78.0
87 1 93.5
25 0 101.4
33 1 103.0
18 0 111.5
62 1 112.0
19 0 118.3
58 1 121.5
20 0 124.9
59 1 128.3
21 0 134.1
60 1 135.4
61 1 144.3
89 0 145.0
90 0 152.1
133 1 156.9
91 0 159.5
55 1 165.6
130 0 167.6
56 1 172.3
92 0 179.1
93 0 186.8
53 1 188.7
94 0 194.9
63 1 197.1
95 0 202.3
64 1 203.3
96 0 209.1
97 0 216.4
65 1 216.6
98 0 225.9
50 1 227.2
48 1 237.0
99 0 241.5
49 1 243.1
100 0 249.1
66 1 255.4
101 0 256.1
67 1 261.9
102 0 263.6
103 0 274.0
44 1 274.5
78 1 286.4
104 0 289.9
79 1 296.0
105 0 296.8
106 0 303.6
83 1 308.2
107 0 310.1
84 1 314.6
126 0 317.6
85 1 322.2
127 0 324.8
128 0 331.7
86 1 335.6
129 0 341.2
76 1 356.1
108 0 357.6
75 1 363.1
109 0 365.2
80 1 372.5
110 0 372.8
111 0 380.6
73 1 382.0
72 1 388.9
115 0 392.6
71 1 395.6
124 0 400.3
69 1 410.1
116 0 411.6
70 1 417.3
118 0 418.7
119 0 425.1
120 0 431.4
3 1 432.3
121 0 437.7
4 1 439.7
5 1 447.2
122 0 452.9
6 1 454.6
8 1 465.2
123 0 468.6
9 1 472.4
10 1 479.4
117 0 483.6
11 1 491.7
12 1 498.9
15 0 499.3
16 0 505.9
13 1 506.6
131 0 514.0
113 1 524.8
112 1 533.9
125 1 547.0
112 0 559.9
31 1 568.0
125 0 575.3
29 1 577.2
