2 0 59.0
12 1 61.1
13 1 67.4
14 1 74.2
127 2 80.8
47 1 88.8
120 2 93.1
48 1 97.7
126 0 98.5
49 2 104.8
123 0 109.7
137 2 116.5
122 0 117.3
54 1 122.9
55 1 129.6
45 2 131.3
56 1 136.2
46 2 140.0
57 1 142.8
58 1 149.2
112 0 157.1
51 2 159.3
52 2 168.5
98 0 177.0
53 2 177.8
101 1 181.0
97 0 185.3
60 2 187.0
100 1 190.1
96 0 193.7
105 2 196.2
113 1 203.2
114 0 205.7
61 2 212.5
115 0 213.2
116 0 220.6
62 2 221.3
117 0 230.7
119 2 230.9
63 2 243.8
17 1 245.4
94 0 246.6
133 1 252.8
64 2 253.2
92 0 256.9
65 2 262.2
18 1 263.1
19 1 270.6
66 2 271.0
85 0 277.0
20 1 277.1
67 2 282.3
21 1 283.1
86 0 287.7
68 2 291.8
22 1 293.2
131 1 299.5
77 2 301.3
132 1 305.9
78 2 310.5
23 1 316.8
110 0 318.6
79 2 319.9
24 1 323.5
108 0 329.3
80 2 329.8
37 1 332.3
81 2 339.5
111 0 339.7
38 1 341.6
82 2 349.5
106 0 350.2
34 1 354.0
83 2 358.9
32 1 362.9
84 2 367.6
31 1 369.4
29 1 378.9
87 2 382.2
28 1 385.3
88 2 391.7
27 1 392.0
125 0 393.5
89 2 400.8
25 1 401.9
42 0 402.6
26 1 409.1
43 0 409.4
90 2 410.2
136 0 417.3
3 1 419.4
91 2 422.0
4 1 426.7
15 0 428.0
5 1 434.0
16 0 435.4
6 1 441.4
134 0 442.3
7 1 449.1
135 0 449.1
118 2 452.5
69 2 473.0
39 1 473.6
128 0 474.1
70 2 482.6
129 1 487.2
71 2 491.7
39 0 497.0
128 1 501.2
72 2 507.8
73 2 516.8
75 1 525.1
74 2 526.0
74 1 533.3
76 2 535.9
73 1 539.0
75 0 539.0
72 1 545.3
76 0 550.2
71 1 554.3
69 1 567.9
