37 0 61.2
15 3 62.2
66 2 64.5
36 0 67.8
16 3 68.8
48 1 72.3
67 2 72.7
35 0 74.9
49 1 78.4
117 3 80.8
87 0 86.0
44 1 92.1
124 3 94.9
78 2 95.0
33 0 96.5
81 1 101.6
79 2 106.4
31 0 108.4
125 3 108.7
36 2 117.6
76 1 117.7
113 3 118.4
12 0 119.2
75 1 124.4
35 2 126.2
11 0 126.9
112 3 128.1
80 1 133.8
73 1 143.1
27 2 148.0
72 1 149.8
118 3 156.2
26 2 156.3
71 1 156.6
119 3 162.6
23 2 167.8
120 3 168.8
69 1 170.6
121 3 174.9
104 0 176.8
70 1 177.8
89 2 179.2
123 3 186.8
90 2 187.8
93 0 190.9
3 1 192.4
91 2 196.7
4 1 199.8
92 0 202.2
5 1 207.4
131 3 212.7
6 1 214.8
100 2 217.2
7 1 222.6
17 3 224.0
95 0 224.1
101 2 225.8
8 1 230.0
96 0 230.8
18 3 231.3
102 2 234.6
9 1 237.1
97 0 237.9
19 3 238.2
10 1 244.4
98 0 247.4
103 2 248.4
11 1 256.1
12 1 263.5
13 1 270.9
62 3 271.3
106 0 275.7
58 3 281.4
107 0 282.0
21 2 286.3
59 3 288.3
113 1 288.8
108 0 290.0
60 3 295.5
109 0 297.7
112 1 297.9
25 2 302.0
61 3 305.1
110 0 307.9
111 0 315.7
133 3 319.5
88 2 319.8
62 1 328.1
126 0 337.4
38 3 338.2
85 1 343.0
127 0 344.3
55 2 345.8
128 0 351.3
40 3 351.4
83 1 354.3
56 2 354.3
41 3 358.5
129 0 360.5
40 1 362.6
42 3 365.7
41 1 369.6
53 2 372.9
82 1 384.7
122 0 384.9
50 2 387.3
65 2 405.8
62 0 431.3
63 3 431.6
86 2 434.3
64 3 437.8
85 0 445.8
63 1 446.8
