8 1 38.8
37 0 39.0
87 2 41.9
9 1 46.0
36 0 52.3
10 1 53.1
33 2 56.5
35 0 59.1
11 1 65.0
62 2 67.5
12 1 72.3
133 2 78.3
13 1 79.7
14 1 86.7
27 0 91.2
58 2 91.8
15 1 93.6
26 0 98.1
59 2 100.2
16 1 100.4
25 0 107.9
117 1 111.2
31 2 120.2
131 0 121.8
124 1 123.1
125 1 135.8
18 0 136.2
120 2 141.5
19 0 143.1
113 1 145.3
121 2 149.1
20 0 150.1
112 1 154.5
21 0 159.5
104 2 161.2
110 1 164.4
22 0 167.1
109 1 171.8
23 0 175.0
93 2 175.9
108 1 178.9
92 2 184.9
122 1 195.6
90 2 197.0
89 2 205.8
118 1 208.3
79 0 216.6
130 2 225.1
78 0 227.0
43 0 237.7
60 1 237.9
95 2 245.7
61 1 247.1
41 0 248.8
96 2 254.0
82 0 258.4
97 2 263.0
83 0 269.6
98 2 273.8
84 0 275.7
66 1 277.1
86 0 283.2
67 1 283.4
100 2 292.1
85 0 293.6
44 1 296.2
101 2 300.5
53 0 303.9
81 1 305.9
102 2 309.7
63 0 313.3
64 0 319.6
103 2 321.3
76 1 322.1
75 1 329.0
65 0 335.4
80 1 338.5
106 2 341.1
50 0 347.0
73 1 347.9
107 2 349.2
72 1 354.7
126 2 358.5
71 1 361.5
127 2 367.2
69 1 371.4
128 2 376.0
3 0 377.5
70 1 378.9
4 0 385.4
129 2 386.6
5 0 393.2
6 0 400.9
48 1 406.5
7 0 409.0
123 2 412.4
49 1 412.9
56 0 416.6
55 0 423.8
29 2 439.1
38 1 439.7
88 2 450.7
