123 1 35.3
1 0 39.2
10 3 39.4
126 2 41.5
118 1 44.8
119 1 51.7
120 1 58.5
127 0 73.1
132 2 77.0
128 0 80.4
133 2 88.3
37 0 96.2
100 1 98.2
45 2 99.2
57 3 103.5
38 0 107.6
46 2 108.0
58 3 112.0
81 1 113.2
47 2 117.4
82 1 119.8
59 3 120.3
34 0 122.6
108 1 126.4
60 3 128.9
48 2 128.9
83 1 134.7
61 3 137.6
39 0 139.2
84 1 140.9
49 2 145.4
62 3 145.6
40 0 146.5
85 1 146.9
63 3 153.1
125 0 153.8
107 1 153.8
50 2 154.7
64 3 160.6
134 1 163.1
41 0 163.2
51 2 163.6
42 0 169.9
65 3 170.5
69 1 172.3
52 2 172.8
43 0 176.8
70 1 178.8
53 2 182.0
124 0 184.5
66 3 187.6
135 1 189.8
54 2 191.9
67 3 195.1
87 1 198.5
121 0 199.4
55 2 201.6
68 3 203.0
88 1 204.8
122 0 209.9
56 2 211.6
91 1 217.0
115 2 221.1
32 0 221.4
89 3 221.4
92 1 224.1
31 0 228.8
93 1 231.5
90 3 231.7
106 1 239.2
126 0 239.9
94 1 248.8
109 2 250.2
29 0 250.9
95 1 255.6
28 0 258.3
113 3 258.4
96 1 262.5
114 3 264.9
27 0 265.8
97 1 268.6
104 2 275.2
71 3 277.6
98 1 281.3
112 3 286.1
102 2 286.9
3 0 298.2
72 3 298.5
101 2 301.6
4 0 306.8
73 3 307.1
74 3 314.4
5 0 315.2
105 2 315.6
130 1 316.2
75 3 321.3
131 1 322.2
6 0 323.7
7 0 332.5
76 3 332.7
17 1 332.9
116 2 333.9
110 3 340.0
129 1 340.0
8 0 340.5
117 2 342.9
111 3 346.9
9 0 347.8
18 1 350.5
11 0 355.5
19 1 358.1
77 3 359.9
20 1 364.4
78 3 367.4
21 1 370.4
12 0 372.8
8 2 374.8
79 3 375.1
13 0 380.2
9 2 383.9
25 1 387.9
14 0 388.1
11 2 392.7
26 1 395.0
132 0 395.7
3 1 405.5
115 3 408.6
133 0 412.5
4 1 412.6
15 2 417.8
5 1 420.0
45 0 422.0
16 2 426.7
6 1 427.6
46 0 429.3
7 1 435.0
47 0 437.1
130 2 439.2
109 3 441.2
12 1 442.0
48 0 447.5
131 2 447.6
13 1 448.8
80 3 452.9
17 2 460.9
81 3 461.2
49 0 464.5
82 3 468.5
129 2 471.0
50 0 472.5
108 3 475.7
51 0 479.2
18 2 484.3
83 3 485.1
52 0 487.0
125 1 489.9
84 3 492.0
19 2 494.1
53 0 494.8
39 1 498.3
85 3 498.5
20 2 503.0
54 0 503.7
107 3 506.9
34 1 507.5
21 2 511.5
55 0 511.9
32 1 516.5
134 3 517.6
56 0 520.4
31 1 523.0
22 2 524.1
115 0 528.7
126 1 532.7
127 2 532.9
57 0 540.1
128 2 541.7
29 1 542.1
58 0 548.6
28 1 548.7
27 1 555.3
23 2 555.5
59 0 557.0
91 3 559.5
24 2 564.5
60 0 565.4
92 3 567.6
127 1 572.9
61 0 574.2
37 2 576.0
93 3 576.2
128 1 579.3
62 0 582.1
106 3 585.1
38 2 588.0
63 0 589.8
37 1 592.1
94 3 596.8
64 0 597.3
38 1 601.8
34 2 603.4
95 3 604.4
65 0 607.6
96 3 612.0
97 3 619.0
122 1 619.6
39 2 620.2
66 0 624.5
40 2 628.8
67 0 632.1
98 3 634.7
124 1 636.0
125 2 637.8
68 0 639.9
99 3 642.7
69 0 648.0
100 3 650.3
45 1 653.6
70 0 655.3
46 1 659.9
113 0 662.4
101 3 666.7
47 1 666.7
114 0 668.9
102 3 674.1
48 1 675.7
103 3 681.6
71 0 681.8
57 2 686.8
105 3 690.0
112 0 690.8
58 2 696.6
52 1 696.8
104 3 700.9
72 0 703.2
53 1 703.6
59 2 706.5
54 1 711.0
73 0 711.7
116 3 713.8
60 2 716.2
55 1 718.1
74 0 719.0
117 3 721.0
56 1 725.5
75 0 725.9
61 2 726.5
62 2 736.0
76 0 737.6
57 1 737.8
58 1 744.9
110 0 744.9
63 2 745.3
132 3 747.0
111 0 752.1
59 1 752.4
64 2 754.3
124 3 758.2
60 1 759.7
77 0 764.9
65 2 765.5
61 1 767.3
42 3 768.4
63 1 777.1
121 3 777.5
78 0 778.5
66 2 782.3
64 1 783.5
79 0 786.2
122 3 788.3
67 2 791.2
65 1 792.4
109 0 794.5
32 3 799.5
68 2 800.7
66 1 805.9
80 0 806.6
31 3 807.1
69 2 810.0
67 1 812.8
81 0 814.6
126 3 818.3
70 2 819.1
82 0 822.0
113 2 827.8
29 3 829.1
108 0 829.4
89 1 829.8
114 2 836.3
28 3 836.7
83 0 838.8
90 1 839.1
27 3 844.2
84 0 845.5
71 2 849.6
85 0 852.3
25 3 856.2
113 1 859.6
112 2 859.7
107 0 860.6
26 3 864.1
114 1 865.7
134 0 871.1
72 2 872.6
71 1 876.2
3 3 876.8
135 0 881.4
73 2 882.7
112 1 883.7
4 3 885.4
87 0 891.3
74 2 891.4
5 3 893.8
72 1 894.3
88 0 898.4
75 2 899.9
73 1 901.8
6 3 902.1
89 0 906.5
75 1 910.3
76 2 912.7
74 1 916.7
90 0 916.8
11 3 920.1
110 2 921.3
76 1 924.4
111 2 930.0
110 1 930.9
91 0 934.5
92 0 942.7
77 1 943.9
15 3 947.8
78 1 950.6
93 0 951.3
80 2 951.9
16 3 955.3
106 0 960.1
109 1 960.3
81 2 961.2
130 3 962.2
131 3 969.1
82 2 970.3
94 0 971.8
108 2 979.3
95 0 979.5
17 3 981.8
96 0 987.1
83 2 990.0
129 3 990.6
97 0 994.3
84 2 998.9
105 1 1000.7
18 3 1002.9
85 2 1007.3
98 0 1009.7
19 3 1011.5
116 1 1015.8
107 2 1016.8
99 0 1017.8
20 3 1019.0
100 0 1025.4
21 3 1026.0
134 2 1028.6
22 3 1037.6
135 2 1039.9
101 0 1041.8
127 3 1045.1
8 1 1045.3
102 0 1049.2
87 2 1050.8
9 1 1052.0
128 3 1052.1
103 0 1056.6
11 1 1058.6
88 2 1059.5
105 0 1065.1
23 3 1065.2
89 2 1069.0
104 0 1076.0
37 3 1078.9
90 2 1080.9
116 0 1088.8
38 3 1090.3
117 0 1096.0
91 2 1097.8
34 3 1105.6
92 2 1107.5
93 2 1117.5
15 0 1121.4
39 3 1122.3
106 2 1128.0
16 0 1128.9
40 3 1129.7
130 0 1135.8
125 3 1137.1
94 2 1140.3
131 0 1142.7
95 2 1149.6
17 0 1155.1
96 2 1158.8
129 0 1164.0
45 3 1165.7
97 2 1167.7
46 3 1172.9
18 0 1176.3
47 3 1180.7
98 2 1183.1
20 0 1187.7
48 3 1191.4
21 0 1194.4
100 2 1195.3
124 2 1239.5
29 2 1278.0
28 2 1286.9
27 2 1296.0
25 2 1309.0
26 2 1318.6
3 2 1331.8
4 2 1341.6
5 2 1351.7
6 2 1361.5
