20 1 22.0
31 0 23.9
19 1 28.8
12 0 35.1
18 1 35.3
11 0 42.7
131 1 47.5
132 0 53.7
25 1 59.6
23 1 68.9
14 0 74.4
15 0 81.5
26 1 83.5
16 0 88.2
27 1 90.3
28 1 97.1
117 0 100.5
88 1 104.9
29 1 114.1
124 0 114.6
30 1 120.9
125 0 129.0
62 1 129.9
113 0 138.8
58 1 139.6
59 1 146.4
112 0 148.7
60 1 153.4
110 0 159.7
61 1 162.6
109 0 167.4
108 0 175.0
133 1 175.2
85 1 183.6
126 0 186.3
86 1 192.9
127 0 193.2
128 0 200.3
83 1 201.9
38 1 209.8
79 1 218.7
106 0 220.2
78 1 228.3
120 0 232.7
76 1 241.3
118 0 241.5
75 1 248.0
123 0 256.4
80 1 257.8
73 1 267.3
122 0 272.2
72 1 274.0
71 1 280.8
104 0 286.4
69 1 295.4
100 0 296.9
70 1 302.9
101 0 304.2
102 0 311.7
3 1 317.9
103 0 321.8
4 1 325.3
5 1 333.0
6 1 340.4
95 0 341.5
7 1 348.2
96 0 348.2
97 0 355.4
8 1 356.0
9 1 363.0
98 0 365.4
10 1 370.4
93 0 381.7
56 1 384.7
92 0 389.4
55 1 391.8
53 1 401.4
130 0 401.6
63 1 409.8
90 0 412.7
64 1 416.1
89 0 419.9
65 1 429.3
21 0 430.5
50 1 439.9
20 0 440.5
18 0 449.4
48 1 449.7
49 1 455.8
131 0 464.0
66 1 467.5
67 1 474.2
25 0 477.8
44 1 486.8
23 0 488.2
81 1 496.4
26 0 505.6
41 1 509.0
27 0 512.5
28 0 519.5
36 1 526.8
88 0 527.2
35 1 533.6
29 0 537.2
87 1 543.9
32 0 546.4
33 1 553.7
62 0 553.9
