124 2 46.2
48 0 48.0
63 1 48.3
64 1 54.0
49 0 54.1
125 2 60.2
65 1 66.9
66 0 67.3
113 2 70.9
67 0 73.8
50 1 77.0
112 2 81.8
110 2 93.4
68 1 94.3
50 0 96.5
69 1 101.8
109 2 102.5
51 0 104.3
70 1 109.1
108 2 111.5
126 2 123.6
3 1 123.7
60 0 130.4
4 1 131.1
127 2 132.2
5 1 138.7
61 0 140.0
128 2 140.6
6 1 146.1
129 2 151.2
7 1 153.9
56 1 161.1
106 2 165.9
55 1 168.1
8 0 168.9
9 0 176.2
53 1 177.5
120 2 178.7
10 0 183.5
118 2 188.3
133 1 190.0
11 0 191.5
58 1 198.6
12 0 199.0
123 2 203.2
59 1 205.2
13 0 207.0
62 1 216.4
122 2 218.5
31 1 227.5
104 2 232.9
15 0 240.4
29 1 241.6
16 0 247.1
93 2 247.1
17 0 255.0
92 2 256.1
18 1 260.3
25 0 261.8
19 1 267.2
95 2 276.7
21 1 277.9
89 0 278.2
96 2 285.0
22 1 285.0
90 0 285.4
91 0 292.6
23 1 292.7
92 0 300.7
100 2 301.1
88 1 308.4
101 2 309.5
93 0 311.1
102 2 318.4
94 0 319.0
33 1 323.1
34 1 329.6
103 2 329.7
97 0 331.7
35 1 336.9
98 0 341.3
36 1 343.8
37 1 350.9
38 1 357.4
39 1 363.9
130 0 368.4
83 1 370.5
132 2 374.9
84 1 376.7
85 1 383.9
26 0 396.2
86 1 397.3
27 0 403.0
26 2 408.1
40 1 409.4
28 0 410.1
82 1 416.1
27 2 416.4
