97 1 33.8
3 0 34.6
15 2 35.7
4 0 42.4
16 2 43.9
95 1 46.5
5 0 50.3
93 1 56.1
117 2 56.7
6 0 58.0
92 1 63.5
7 0 66.2
124 2 70.7
8 0 73.8
130 1 74.1
9 0 81.2
90 1 83.6
125 2 85.0
89 1 90.7
10 0 92.5
21 1 100.3
11 0 100.4
12 0 108.0
20 1 109.2
131 2 110.8
13 0 116.0
18 1 117.7
17 2 122.7
25 2 131.3
35 0 139.5
113 1 141.8
23 2 142.5
36 0 146.4
112 1 150.9
37 0 153.6
110 1 160.7
79 0 161.2
109 1 168.1
99 2 170.0
78 0 171.5
108 1 175.3
100 2 179.1
43 0 181.9
126 1 185.2
101 2 187.7
127 1 192.3
102 2 196.4
47 0 197.0
128 1 199.2
48 0 203.3
103 2 207.5
49 0 209.8
106 1 215.7
50 0 222.3
104 1 224.1
51 0 230.2
52 0 237.9
122 1 240.3
63 0 244.2
26 2 247.4
120 1 249.4
64 0 250.4
27 2 256.0
123 1 258.3
28 2 264.6
65 0 265.9
118 1 267.5
88 2 273.7
29 2 284.7
69 0 292.7
30 2 293.2
70 0 300.3
33 2 303.4
81 1 310.4
1 0 311.3
34 2 311.6
44 1 319.9
87 2 321.2
45 1 326.7
46 1 333.7
62 2 337.2
66 1 340.4
41 0 344.2
67 1 347.0
58 2 348.3
82 0 353.7
59 2 356.7
68 1 359.2
83 0 364.5
60 2 365.5
71 1 366.7
84 0 370.8
72 1 373.3
61 2 376.3
86 0 378.1
73 1 380.0
74 1 387.2
133 2 390.9
38 0 391.8
80 1 394.6
85 2 401.1
75 1 403.6
76 0 407.8
75 0 414.7
55 2 416.9
73 0 425.0
56 2 425.6
72 0 431.7
71 0 438.6
53 2 444.1
132 1 444.3
56 1 460.5
80 0 466.2
55 1 467.5
31 2 470.0
53 1 476.9
