2 0 34.1
29 2 40.5
3 0 42.7
8 1 43.4
28 2 49.5
4 0 51.0
12 1 52.9
27 2 58.5
5 0 59.5
13 1 59.8
14 1 66.6
6 0 68.0
25 2 71.4
15 1 73.5
7 0 76.7
16 1 80.2
26 2 81.0
8 0 84.6
130 1 86.4
9 0 92.2
131 1 92.4
1 2 93.7
10 0 99.7
17 1 102.9
3 2 106.0
11 0 109.7
129 1 110.2
4 2 115.7
5 2 125.5
18 1 127.7
19 1 135.1
6 2 135.5
20 1 141.8
7 2 145.6
21 1 147.8
22 1 157.7
127 1 164.1
100 0 166.5
128 1 170.3
51 2 171.7
81 0 177.3
23 1 181.3
82 0 184.7
24 1 187.8
108 0 191.9
57 2 196.5
37 1 196.8
83 0 201.1
38 1 206.1
58 2 206.3
84 0 208.1
85 0 214.8
59 2 216.1
34 1 218.3
107 0 222.7
60 2 226.0
32 1 227.4
134 0 233.8
31 1 233.9
61 2 236.2
66 2 245.5
122 1 250.3
62 0 254.9
67 2 255.0
121 1 259.7
63 0 262.4
68 2 264.1
64 0 269.8
119 1 271.3
69 2 273.5
118 1 277.9
65 0 279.8
70 2 282.8
113 2 291.4
52 1 293.4
114 2 299.6
53 1 300.2
135 0 306.2
54 1 307.7
71 2 313.0
55 1 315.0
87 0 315.8
56 1 322.3
112 2 322.7
88 0 323.0
89 0 330.7
72 2 335.9
90 0 341.1
62 1 344.2
73 2 345.7
63 1 350.9
74 2 354.8
64 1 357.5
91 0 358.6
75 2 363.3
92 0 367.0
93 0 375.6
76 2 375.7
134 1 382.6
106 0 384.2
110 2 384.6
111 2 393.3
94 0 395.9
135 1 396.2
95 0 403.4
87 1 404.3
77 2 406.8
88 1 410.7
96 0 411.2
89 1 417.5
97 0 418.2
78 2 420.5
90 1 426.5
79 2 429.6
98 0 433.4
109 2 439.4
91 1 440.4
92 1 447.5
93 1 455.2
101 2 459.4
102 2 468.4
105 0 474.4
103 2 477.6
104 2 492.3
116 0 493.4
115 1 496.6
117 0 500.5
116 2 505.5
123 0 509.4
117 2 514.5
49 1 521.2
123 2 524.7
45 1 530.5
46 1 536.9
132 0 538.6
47 1 543.8
42 0 548.5
132 2 551.4
48 1 552.8
39 0 561.4
42 2 562.4
133 1 565.6
132 1 574.0
125 0 578.2
39 2 581.4
124 1 583.3
125 2 592.4
42 1 593.5
124 0 595.7
125 1 602.0
40 1 609.2
124 2 609.6
39 1 614.9
45 0 617.6
46 0 624.8
45 2 630.4
47 0 632.4
46 2 639.2
48 0 643.2
47 2 648.6
48 2 660.1
115 0 687.7
