87 1 75.6
1 0 78.6
80 2 80.1
9 3 80.6
33 1 85.1
2 0 85.8
8 3 88.8
73 2 91.7
3 0 94.2
31 1 95.7
56 3 100.5
72 2 100.7
4 0 102.7
12 1 105.5
55 3 108.0
71 2 109.9
5 0 111.1
11 1 112.6
53 3 119.0
6 0 119.6
132 1 122.7
69 2 127.3
70 2 136.9
7 0 137.8
14 1 140.1
85 3 144.2
15 1 146.6
1 2 149.9
16 1 153.1
11 0 157.0
133 3 160.5
3 2 161.8
12 0 168.5
62 3 170.5
4 2 171.7
113 1 173.9
13 0 177.0
5 2 181.7
112 1 182.8
31 3 184.2
6 2 191.5
7 2 201.4
125 1 206.7
8 2 211.3
131 3 217.1
35 0 220.4
9 2 220.6
36 0 228.0
10 2 230.3
18 3 232.4
37 0 235.6
124 1 237.3
19 3 239.8
79 0 243.8
20 3 246.9
56 2 248.3
110 1 253.5
21 3 256.9
55 2 257.4
109 1 260.7
38 0 262.1
22 3 265.1
108 1 267.9
53 2 269.4
39 0 272.0
89 3 272.9
90 3 280.5
122 1 284.9
91 3 288.6
133 0 290.2
83 2 290.7
120 1 294.3
92 3 297.2
58 0 299.8
40 2 301.7
123 1 303.1
93 3 305.3
59 0 307.2
41 2 310.6
118 1 311.9
94 3 314.1
60 0 314.8
42 2 319.9
95 3 321.7
61 0 327.6
96 3 329.0
43 2 329.9
97 3 336.8
44 2 339.3
98 3 347.0
81 2 356.4
99 3 363.9
78 2 371.4
100 3 374.7
102 3 382.9
76 2 383.1
126 1 386.6
75 2 392.1
127 1 393.5
103 3 393.7
128 1 400.1
129 1 408.7
86 0 425.0
130 3 427.7
133 2 436.6
23 3 449.6
133 1 453.4
24 3 457.8
46 0 464.3
25 3 465.1
65 1 470.0
66 0 471.4
67 0 478.7
50 1 480.6
88 3 491.4
48 1 493.1
49 0 496.0
27 2 501.4
29 3 502.1
48 0 503.5
26 2 510.4
