20 1 20.8
31 0 26.9
21 1 30.9
14 0 36.9
22 1 38.2
15 0 43.5
23 1 45.9
16 0 50.3
24 1 52.9
26 1 60.1
117 0 62.5
27 1 66.8
28 1 73.7
124 0 76.6
88 1 81.3
29 1 90.3
125 0 90.4
30 1 97.0
113 0 100.0
62 1 105.8
112 0 109.8
58 1 115.1
110 0 120.8
59 1 121.9
109 0 128.3
133 1 132.6
108 0 136.1
85 1 141.0
126 0 147.1
86 1 150.3
127 0 154.2
83 1 159.0
128 0 161.1
38 1 167.1
129 0 170.5
79 1 175.8
106 0 185.1
78 1 185.2
104 0 194.4
76 1 197.9
75 1 204.6
93 0 208.5
80 1 214.1
92 0 216.1
73 1 223.3
90 0 227.2
72 1 230.1
89 0 234.4
71 1 236.8
69 1 250.7
130 0 254.4
70 1 258.1
3 1 272.7
95 0 276.2
4 1 280.0
96 0 283.0
5 1 287.6
97 0 290.2
6 1 295.1
98 0 299.8
7 1 302.9
56 1 310.1
55 1 317.1
100 0 318.7
101 0 325.6
53 1 326.5
102 0 332.9
63 1 334.9
64 1 341.0
103 0 343.0
65 1 354.0
50 1 364.5
122 0 368.8
48 1 373.8
120 0 378.9
49 1 380.1
123 0 388.5
66 1 391.8
118 0 398.3
67 1 398.4
44 1 410.8
12 0 416.7
81 1 420.3
11 0 424.2
41 1 432.8
132 0 435.2
9 0 445.5
36 1 450.5
8 0 452.7
35 1 457.2
87 1 467.4
33 1 476.9
60 0 482.1
61 0 491.6
25 1 497.5
