81 0 21.8
41 0 35.7
82 0 45.2
38 0 56.5
36 0 66.0
35 0 73.2
87 0 84.4
33 0 95.1
31 0 107.3
12 0 118.5
11 0 126.0
132 0 137.3
14 0 157.8
15 0 164.9
16 0 171.6
117 0 184.1
124 0 198.3
125 0 212.6
113 0 222.5
112 0 232.4
110 0 243.8
109 0 251.3
108 0 258.9
126 0 270.3
127 0 277.4
128 0 284.4
129 0 293.8
106 0 309.0
120 0 321.1
118 0 330.0
123 0 344.7
122 0 360.4
104 0 374.7
100 0 385.1
101 0 392.3
102 0 399.6
103 0 409.9
95 0 429.5
96 0 436.1
97 0 443.5
98 0 453.3
93 0 469.6
92 0 477.1
130 0 489.2
90 0 500.4
89 0 507.2
21 0 518.2
20 0 528.3
18 0 537.3
131 0 551.9
25 0 565.9
23 0 576.4
26 0 593.7
27 0 600.6
28 0 607.5
88 0 615.3
29 0 625.5
62 0 637.8
58 0 648.4
59 0 655.2
60 0 662.5
61 0 672.0
133 0 687.0
85 0 696.2
86 0 706.9
83 0 716.5
79 0 730.8
78 0 741.3
76 0 756.7
75 0 763.4
80 0 774.1
73 0 784.4
72 0 791.2
71 0 798.1
69 0 814.9
70 0 822.4
1 0 833.9
3 0 844.6
4 0 852.2
5 0 860.0
6 0 867.8
7 0 875.8
8 0 883.7
9 0 890.9
56 0 911.3
55 0 918.5
53 0 929.2
63 0 938.5
64 0 944.8
65 0 960.5
50 0 972.1
48 0 982.8
49 0 989.3
66 0 1003.0
67 0 1009.6
44 0 1024.6
