87 1 58.1
1 0 58.9
80 2 59.9
9 3 60.7
2 0 66.1
33 1 67.5
8 3 69.0
73 2 71.7
3 0 74.5
31 1 78.0
56 3 80.4
72 2 80.5
4 0 83.1
12 1 87.9
55 3 88.2
71 2 89.7
5 0 91.6
11 1 95.1
53 3 99.1
6 0 100.0
132 1 105.0
69 2 107.2
70 2 116.7
7 0 117.3
14 1 122.5
85 3 123.4
15 1 129.1
1 2 129.6
16 1 135.5
11 0 136.5
133 3 139.8
3 2 141.7
12 0 144.8
117 1 146.5
62 3 149.9
4 2 151.8
13 0 156.8
5 2 161.6
29 3 163.3
110 1 165.1
6 2 171.4
109 1 172.2
88 3 174.4
108 1 179.5
113 0 180.4
7 2 181.3
27 3 185.3
126 1 189.7
112 0 191.0
8 2 191.2
26 3 192.7
127 1 196.2
9 2 200.6
128 1 203.0
23 3 204.0
10 2 210.2
129 1 211.6
89 3 215.4
90 3 223.1
106 1 224.4
91 3 231.1
104 1 233.0
130 3 239.8
125 2 242.7
97 1 249.0
38 0 249.7
92 3 252.2
39 0 256.5
98 1 258.1
124 2 258.1
93 3 260.5
40 0 263.8
82 0 270.9
95 3 272.2
96 3 279.7
41 0 280.4
122 1 281.7
42 0 288.2
99 3 293.7
78 0 295.7
100 3 301.7
79 0 306.9
101 3 309.3
86 2 311.9
133 1 316.8
102 3 317.3
103 3 328.0
43 2 342.8
