10 1 29.2
65 0 31.8
9 1 36.8
8 1 43.4
133 0 55.5
11 1 60.3
58 0 64.6
12 1 67.8
59 0 71.4
13 1 75.4
14 1 82.1
62 0 84.3
15 1 89.2
16 1 95.7
31 0 96.7
117 1 106.5
131 0 115.3
124 1 118.4
17 0 126.5
125 1 130.9
18 0 133.7
113 1 140.0
19 0 140.5
20 0 147.3
112 1 149.0
21 0 156.7
110 1 159.0
22 0 164.5
109 1 166.4
89 0 171.9
108 1 173.8
90 0 178.9
91 0 186.2
122 1 190.1
92 0 194.7
93 0 202.3
118 1 202.5
94 0 210.4
95 0 217.9
96 0 224.6
132 1 225.5
97 0 232.1
56 1 241.9
98 0 241.9
55 1 249.0
99 0 257.7
53 1 258.7
100 0 265.5
63 1 267.4
101 0 272.5
64 1 273.7
102 0 279.9
65 1 287.3
103 0 290.5
50 1 297.9
104 0 306.5
48 1 307.9
105 0 313.4
49 1 314.1
106 0 320.5
66 1 326.6
107 0 326.8
67 1 332.7
126 0 334.8
127 0 341.7
44 1 345.9
128 0 349.0
81 1 355.6
129 0 358.5
41 1 368.9
120 0 381.5
83 1 383.7
84 1 389.8
123 0 391.9
85 1 397.2
60 1 413.9
61 1 423.1
130 0 430.9
38 1 451.3
23 0 451.5
24 0 459.1
36 1 460.1
25 0 466.1
35 1 466.8
26 0 481.3
79 1 483.5
27 0 488.2
78 1 492.9
28 0 495.1
88 0 503.0
76 1 505.9
75 1 512.4
29 0 513.3
80 1 522.3
33 0 525.4
73 1 531.8
34 0 532.0
72 1 538.7
87 0 540.3
71 1 545.5
35 0 558.0
69 1 559.8
36 0 564.8
70 1 567.2
37 0 572.0
79 0 579.8
3 1 582.3
4 1 589.7
78 0 590.4
5 1 597.3
6 1 604.7
76 0 605.9
