87 0 39.8
65 1 43.9
33 0 50.0
50 1 54.0
31 0 61.8
48 1 63.7
49 1 69.9
12 0 72.7
11 0 80.4
66 1 81.6
67 1 88.0
132 0 91.1
44 1 100.4
81 1 110.1
14 0 111.8
15 0 118.5
41 1 122.5
16 0 125.3
38 1 135.9
117 0 137.5
36 1 144.6
124 0 151.4
35 1 151.5
87 1 161.4
125 0 165.2
33 1 170.8
113 0 174.9
31 1 181.4
112 0 184.7
12 1 191.2
110 0 195.5
11 1 198.5
109 0 203.1
132 1 208.5
108 0 210.8
126 0 221.9
14 1 225.1
127 0 229.0
15 1 231.9
128 0 235.8
16 1 238.6
129 0 245.2
117 1 249.5
106 0 259.8
124 1 261.2
120 0 271.9
125 1 273.4
118 0 280.4
113 1 282.3
112 1 291.2
123 0 295.4
110 1 301.1
109 1 308.2
122 0 310.6
108 1 315.7
104 0 326.0
93 0 340.2
131 1 345.8
92 0 347.9
17 1 356.1
130 0 359.6
18 1 363.1
19 1 369.9
90 0 370.5
89 0 377.6
21 1 380.3
22 1 387.6
23 1 395.0
24 1 402.3
26 1 409.2
27 1 416.0
28 1 423.1
79 0 425.5
88 1 430.5
76 0 436.0
29 1 439.6
75 0 442.9
62 1 450.3
80 0 453.2
58 1 459.5
73 0 463.3
59 1 466.2
72 0 470.1
60 1 473.3
71 0 477.0
61 1 482.3
69 0 488.2
133 1 494.7
70 0 495.7
85 1 503.0
1 0 506.8
83 1 511.7
86 1 523.4
55 1 536.9
78 0 539.3
56 1 543.9
6 1 553.8
5 1 561.3
4 1 568.9
3 1 576.3
8 1 599.8
9 1 607.1
95 0 613.1
96 0 619.8
97 0 627.0
53 1 630.3
98 0 636.6
63 1 643.9
64 1 650.1
100 0 655.4
101 0 662.5
102 0 669.9
