2 0 36.1
29 2 38.5
11 1 39.5
3 0 44.7
28 2 47.4
8 1 48.0
4 0 53.0
27 2 56.4
12 1 57.5
5 0 61.4
13 1 64.2
25 2 69.2
6 0 70.0
14 1 71.1
15 1 78.2
7 0 78.7
26 2 78.9
16 1 84.7
8 0 86.6
130 1 91.1
1 2 91.6
9 0 94.3
131 1 97.0
10 0 101.6
3 2 103.8
17 1 107.4
11 0 111.7
4 2 113.6
129 1 114.9
5 2 123.5
18 1 130.9
6 2 133.4
19 1 142.0
7 2 143.5
20 1 148.2
21 1 154.2
22 1 164.4
100 0 168.0
51 2 169.6
127 1 171.0
128 1 177.3
81 0 178.8
82 0 186.2
23 1 188.2
108 0 193.3
57 2 194.5
24 1 194.8
83 0 202.9
37 1 203.6
58 2 204.3
84 0 210.0
38 1 213.4
59 2 214.0
85 0 216.5
60 2 224.0
107 0 225.1
34 1 226.1
61 2 234.1
32 1 235.5
134 0 235.9
31 1 241.9
66 2 243.8
68 2 256.0
62 0 257.1
122 1 258.5
63 0 264.5
69 2 265.5
121 1 268.2
64 0 272.2
