2 1 8.2
3 2 9.6
4 0 19.1
5 0 26.6
6 0 34.1
81 1 34.7
82 1 41.1
38 2 41.8
83 1 48.0
37 2 50.3
84 1 55.1
36 2 58.9
85 1 62.1
13 0 62.8
71 1 69.1
14 0 70.5
15 0 78.2
99 1 84.1
98 1 91.3
100 1 101.5
33 0 103.7
41 2 103.8
101 1 108.0
34 0 111.3
45 2 112.8
46 2 121.3
19 0 122.2
96 1 126.9
20 0 128.6
47 2 130.1
21 0 135.1
93 1 138.2
48 2 138.7
22 0 142.7
94 1 145.4
49 2 147.5
23 0 150.5
50 2 156.2
24 0 158.1
91 1 162.1
51 2 165.0
25 0 165.7
88 1 172.8
26 0 173.3
52 2 174.0
87 1 179.7
27 0 181.0
53 2 183.3
86 1 186.7
28 0 188.0
54 2 192.4
72 1 197.7
104 0 198.5
55 2 201.5
73 1 204.5
103 0 205.8
56 2 210.6
74 1 211.6
102 0 213.1
75 1 218.6
58 2 222.4
40 1 228.6
42 0 229.4
59 2 231.4
43 0 236.4
60 2 240.7
44 0 243.5
77 1 243.6
78 1 250.4
61 2 254.7
79 1 257.2
62 2 263.2
29 0 264.8
9 1 268.9
63 2 271.9
30 0 272.5
8 1 276.3
64 2 280.5
7 1 284.0
17 0 290.6
65 2 301.4
105 0 302.7
106 0 308.7
66 2 310.6
107 0 315.8
70 2 319.7
108 0 322.9
69 1 328.0
109 0 330.0
67 2 331.5
68 1 334.7
110 0 337.1
67 1 341.8
69 2 342.6
62 1 361.5
63 1 368.4
64 1 375.2
46 1 384.2
47 1 391.4
48 1 398.4
49 1 405.4
50 1 412.3
51 1 419.6
52 1 426.9
53 1 434.5
54 1 441.7
55 1 449.2
58 1 461.7
59 1 468.9
60 1 476.3
