37 0 34.4
8 1 35.5
87 2 38.3
36 0 41.0
9 1 42.8
35 0 48.0
10 1 49.9
33 2 49.9
87 0 59.2
31 2 62.9
56 1 64.6
33 0 70.6
55 1 71.3
12 2 74.7
53 1 81.3
31 0 83.2
11 2 83.8
63 1 90.0
12 0 94.3
132 2 95.9
64 1 96.1
11 0 102.0
65 1 109.9
132 0 113.1
14 2 115.4
50 1 120.5
15 2 124.2
48 1 130.9
16 2 132.4
14 0 133.8
49 1 136.8
117 2 146.1
15 0 146.6
66 1 148.9
67 1 155.1
117 0 155.6
124 2 160.1
44 1 168.8
124 0 170.9
125 2 174.9
81 1 178.5
112 2 190.6
113 0 191.0
41 1 191.9
110 2 203.8
38 1 206.2
110 0 208.9
109 2 212.0
36 1 215.3
108 2 221.0
35 1 222.0
126 0 227.2
87 1 232.6
127 2 235.8
128 0 237.1
33 1 242.4
129 2 248.6
31 1 253.4
106 0 257.4
12 1 263.5
121 0 268.8
11 1 270.9
120 2 271.1
118 0 279.0
132 1 281.1
118 2 285.4
123 0 294.0
14 1 298.0
122 2 305.3
15 1 305.9
16 1 312.4
104 2 319.9
117 1 323.3
100 0 326.0
101 0 333.4
124 1 335.4
102 2 336.1
125 1 348.1
113 1 357.2
95 2 359.9
96 0 364.5
112 1 366.2
97 0 371.3
110 1 375.9
98 0 381.0
109 1 383.2
93 2 384.4
108 1 390.7
92 2 393.6
93 0 396.8
126 1 400.7
92 0 404.6
130 2 406.1
127 1 407.4
128 1 414.5
130 0 416.5
90 2 418.2
89 2 426.4
90 0 427.5
89 0 434.4
120 1 437.2
21 2 438.1
21 0 445.1
118 1 445.5
20 2 449.4
123 1 458.0
18 2 459.5
131 0 470.6
122 1 471.4
25 2 482.0
104 1 483.9
24 2 492.0
23 0 492.5
100 1 494.0
101 1 500.9
23 2 501.2
102 1 508.7
26 0 510.8
27 0 518.1
103 1 518.6
26 2 519.2
28 0 525.0
27 2 528.0
88 0 533.2
95 1 536.0
28 2 536.9
96 1 542.3
29 0 545.3
97 1 550.1
62 0 556.7
98 1 560.1
58 2 564.5
59 0 570.0
93 1 573.5
60 0 576.9
61 2 580.4
92 1 580.9
133 2 595.0
90 1 596.7
85 0 601.8
89 1 603.7
86 2 610.3
21 1 613.3
83 0 617.6
20 1 622.7
39 2 625.6
38 0 626.1
18 1 631.0
79 2 636.2
78 0 642.3
131 1 643.6
25 1 655.6
76 2 655.7
75 0 660.4
23 1 665.0
80 2 669.3
73 0 676.8
26 1 679.5
72 2 682.9
27 1 686.1
71 0 686.9
28 1 693.0
68 2 694.0
69 0 703.3
29 1 705.0
70 2 710.6
62 1 715.6
1 0 717.9
58 1 725.1
3 2 727.7
59 1 731.9
4 0 732.2
60 1 739.0
5 2 739.9
6 0 743.7
