24 1 31.4
45 2 33.4
78 0 33.4
23 1 38.3
44 2 41.8
26 1 52.8
81 2 53.0
27 1 59.7
28 1 66.5
41 2 67.6
88 1 73.9
8 0 76.1
82 2 78.2
29 1 83.1
9 0 83.4
38 2 89.7
30 1 89.9
10 0 90.8
62 1 98.5
11 0 98.8
36 2 100.2
12 0 108.0
35 2 108.7
14 0 119.1
87 2 120.5
15 0 125.5
124 1 127.6
33 2 132.0
16 0 132.2
110 1 143.1
31 2 146.8
109 1 150.3
131 0 152.8
108 1 157.8
17 0 164.0
113 2 169.7
25 0 170.7
104 1 170.9
112 2 180.5
93 1 183.0
18 0 185.9
92 1 190.3
19 0 192.7
125 2 195.7
20 0 199.3
90 1 200.3
89 1 207.1
21 0 210.1
22 0 217.6
89 0 224.9
95 1 231.1
90 0 232.1
60 2 235.4
96 1 238.0
91 0 239.5
97 1 244.9
61 2 246.0
130 0 247.3
98 1 253.9
133 2 260.7
85 2 271.0
100 0 272.8
126 1 276.8
101 0 279.7
86 2 282.2
127 1 283.7
102 0 287.1
128 1 290.5
83 2 292.7
103 0 297.0
79 2 306.9
120 1 312.6
76 2 318.3
118 1 320.6
75 2 326.8
80 2 337.9
113 0 343.3
73 2 349.0
114 0 349.5
125 0 357.2
72 2 357.5
71 2 366.0
69 2 382.3
56 1 384.1
55 1 391.2
70 2 391.3
53 1 400.6
3 2 408.1
50 1 412.5
4 2 417.4
63 0 424.9
5 2 426.6
48 1 429.6
64 0 431.1
6 2 435.8
7 2 445.2
66 0 455.0
