32 0 62.5
121 1 63.3
45 3 64.2
130 2 66.4
120 1 69.9
44 3 70.9
31 0 71.3
118 1 77.5
90 2 78.0
81 3 81.2
12 0 82.5
89 2 86.6
41 3 95.6
11 0 97.2
21 2 98.1
123 1 104.0
82 3 105.1
132 0 108.0
38 3 115.8
9 0 118.2
104 1 118.8
92 2 122.6
36 3 125.1
8 0 125.5
93 2 131.7
35 3 132.2
94 2 141.1
87 3 143.3
53 0 145.2
23 1 145.2
24 1 152.5
100 2 152.8
33 3 153.7
101 2 161.4
133 0 163.9
62 3 166.2
102 2 170.4
103 2 181.7
85 3 183.8
83 3 190.5
18 1 192.6
14 0 193.2
19 1 199.2
117 0 200.1
79 3 204.3
25 1 210.4
78 3 214.6
15 0 220.5
26 2 222.3
27 2 230.1
131 0 230.6
46 3 233.6
124 1 236.3
28 2 238.5
66 3 240.3
17 0 241.8
67 3 246.9
125 1 248.6
26 0 254.2
113 1 257.6
27 0 261.1
68 3 261.2
112 1 266.4
28 0 268.1
71 3 268.7
72 3 275.5
88 0 275.6
110 1 276.3
73 3 282.3
49 2 283.3
109 1 283.7
29 0 285.6
74 3 289.6
108 1 290.9
48 2 291.6
80 3 297.1
126 1 301.0
75 3 307.1
127 1 307.9
69 2 308.5
63 0 312.9
76 3 313.9
128 1 314.8
70 2 317.5
64 0 319.2
106 1 331.6
65 0 334.4
3 2 337.5
86 3 339.6
95 1 346.6
4 2 346.7
50 0 348.7
96 1 353.3
5 2 355.8
97 1 360.3
6 2 365.1
60 3 365.2
98 1 369.2
7 2 374.6
61 3 374.8
122 1 391.6
