132 1 23.8
121 0 24.0
120 0 30.1
11 1 33.2
118 0 38.2
12 1 40.3
13 1 48.0
14 1 55.0
123 0 57.0
15 1 61.7
16 1 68.3
117 0 71.8
131 1 76.0
17 1 85.9
18 1 93.1
9 0 95.4
19 1 99.8
8 0 102.7
21 1 110.4
22 1 117.6
133 0 121.9
23 1 125.2
58 0 130.7
24 1 132.1
59 0 137.5
25 1 139.1
60 0 144.6
26 1 151.8
61 0 154.4
27 1 158.6
28 1 165.6
88 1 173.0
29 1 182.1
30 1 188.9
62 1 197.6
85 1 210.2
124 0 215.5
86 1 219.1
83 1 228.0
125 0 229.4
38 1 236.0
113 0 239.0
79 1 244.9
112 0 248.8
78 1 254.1
110 0 259.6
76 1 266.8
109 0 267.2
75 1 273.5
108 0 275.0
80 1 283.0
126 0 286.0
73 1 292.3
127 0 293.2
72 1 298.9
128 0 299.9
71 1 305.7
129 0 309.1
69 1 319.7
106 0 323.9
70 1 326.9
104 0 333.3
3 1 341.6
93 0 347.4
4 1 348.9
92 0 355.1
5 1 356.5
6 1 364.0
90 0 366.1
7 1 371.7
89 0 373.3
56 1 378.9
55 1 385.9
130 0 393.5
53 1 395.3
63 1 403.7
64 1 410.0
95 0 415.1
96 0 421.8
65 1 422.9
97 0 428.8
50 1 433.2
98 0 438.5
48 1 442.8
49 1 448.9
100 0 457.3
66 1 460.8
101 0 464.2
67 1 467.1
102 0 471.4
44 1 479.5
103 0 481.6
81 1 489.2
41 1 501.6
122 0 507.3
36 1 519.0
35 1 525.7
87 1 536.0
31 0 536.8
