1 0 48.6
123 1 48.7
126 2 50.4
10 3 50.5
2 0 55.6
118 1 58.3
11 3 60.2
29 2 61.9
3 0 64.2
119 1 65.0
8 3 70.2
28 2 70.9
120 1 71.8
4 0 72.8
121 1 78.0
27 2 80.2
12 3 81.7
13 3 89.2
122 1 90.8
5 0 90.9
25 2 92.8
14 3 97.1
6 0 99.3
32 1 100.1
26 2 102.3
31 1 106.8
7 0 108.2
1 2 115.4
47 3 115.4
126 1 116.1
12 0 116.2
13 0 124.0
29 1 125.4
48 3 126.1
3 2 127.5
14 0 131.7
28 1 132.0
4 2 137.1
27 1 138.6
15 0 139.7
16 0 147.1
5 2 147.1
25 1 148.6
26 1 155.8
6 2 156.9
102 3 157.9
17 0 159.4
101 3 165.5
1 1 165.8
7 2 166.9
18 0 168.2
3 1 175.1
100 3 175.9
19 0 182.2
4 1 182.6
132 2 184.6
5 1 190.0
78 3 190.7
42 2 195.8
6 1 197.1
7 1 204.8
54 3 205.5
55 3 213.6
133 0 219.4
56 3 222.2
45 1 222.7
125 2 228.1
46 1 229.0
115 3 230.3
39 2 239.0
36 2 251.8
38 2 261.4
57 0 262.7
109 3 262.8
58 0 270.9
37 2 273.6
62 1 275.7
59 0 279.3
63 1 282.3
52 3 283.3
127 2 287.4
60 0 287.7
64 1 289.1
128 2 296.1
61 0 296.5
65 1 297.7
66 0 304.5
67 0 312.2
129 2 318.8
68 0 320.1
89 1 326.3
107 3 327.8
84 0 333.5
130 2 333.8
90 1 335.4
134 3 338.3
131 2 341.9
108 0 346.1
69 3 349.1
81 0 355.7
70 3 356.7
135 3 370.1
98 0 373.3
87 3 380.7
88 3 388.0
97 2 390.2
106 0 401.7
91 3 403.2
95 2 404.6
92 3 411.4
20 1 411.7
94 2 413.7
21 1 417.6
92 0 423.4
22 1 427.8
91 0 430.5
23 1 434.7
135 2 434.9
135 0 441.6
37 1 446.3
105 3 451.1
34 1 458.7
71 0 458.8
74 2 460.9
72 0 467.7
75 2 469.2
116 3 470.8
39 1 472.4
73 0 476.1
117 3 478.0
40 1 478.9
76 2 481.7
77 0 486.4
125 1 490.2
110 0 497.0
113 2 502.9
111 0 504.4
38 1 506.8
114 2 511.3
127 1 523.1
72 3 525.9
112 2 528.1
128 1 529.6
71 3 535.2
113 0 539.1
113 3 545.5
114 0 546.0
110 2 548.8
129 1 549.2
111 2 557.7
130 1 561.3
112 3 564.7
131 1 567.4
74 3 584.1
105 2 587.0
75 3 590.6
110 1 603.4
116 2 606.2
111 3 608.4
117 0 611.0
110 3 615.5
74 1 617.8
75 1 624.2
34 2 631.4
72 1 635.4
112 1 646.0
20 2 655.3
113 1 658.5
21 0 660.1
114 1 664.5
20 0 667.0
20 3 674.9
24 0 682.6
91 1 692.8
92 1 700.1
34 3 707.0
93 1 707.5
106 1 715.7
94 1 725.5
95 1 732.3
96 1 739.0
97 1 745.7
98 1 758.6
99 1 765.5
105 1 779.8
116 1 795.2
