37 0 36.8
8 1 40.1
87 2 45.1
9 1 47.3
10 1 54.5
36 0 55.1
33 2 57.6
35 0 62.0
56 1 68.6
31 2 69.3
55 1 75.6
53 1 85.1
131 2 87.2
63 1 93.7
12 0 95.3
17 2 99.1
64 1 99.9
11 0 102.9
18 2 108.0
65 1 112.6
132 0 113.9
19 2 116.4
50 1 123.1
9 0 124.1
21 2 128.8
8 0 131.4
48 1 132.4
22 2 137.7
49 1 138.8
23 2 147.0
66 1 150.4
24 2 155.8
67 1 157.0
60 0 160.6
25 2 164.3
44 1 169.4
61 0 170.3
81 1 179.0
26 2 179.3
27 2 187.8
41 1 191.4
28 2 196.4
38 1 205.0
88 2 205.5
36 1 213.6
29 2 216.4
14 0 218.9
35 1 220.5
62 2 231.8
113 0 240.8
133 2 242.6
124 1 249.0
112 0 250.5
58 2 256.2
59 2 264.5
110 1 264.7
125 0 265.7
109 1 271.8
108 1 279.1
118 0 282.5
119 0 288.9
120 0 295.3
122 1 295.4
121 0 301.3
89 2 308.3
104 0 311.7
90 2 316.9
91 2 325.9
93 0 325.9
92 0 333.5
79 1 334.4
130 2 335.5
78 1 343.9
95 0 355.4
76 1 362.0
96 0 362.3
75 1 368.9
117 2 370.9
80 1 378.3
100 0 378.5
101 0 385.4
73 1 387.6
72 1 394.3
71 1 401.1
97 2 403.0
123 0 412.6
98 2 414.1
69 1 423.8
70 1 431.0
102 2 436.9
3 1 445.7
103 2 448.3
4 1 453.2
85 0 455.8
5 1 460.6
86 0 466.0
106 2 468.0
6 1 468.2
83 0 475.5
107 2 475.9
85 1 484.7
126 2 484.9
79 0 489.5
127 2 493.5
86 1 494.3
78 0 499.7
128 2 502.0
83 1 502.9
