87 0 31.0
65 1 34.6
50 1 49.2
33 0 53.0
48 1 58.6
62 0 62.9
49 1 64.9
58 0 73.2
66 1 76.6
59 0 80.0
67 1 82.9
60 0 87.0
44 1 95.6
61 0 96.7
81 1 104.9
133 0 111.2
41 1 117.3
8 0 129.9
83 1 131.7
9 0 137.2
84 1 137.9
10 0 144.6
85 1 145.5
132 0 152.1
86 1 159.0
11 0 162.8
12 0 170.3
38 1 171.0
13 0 178.1
36 1 179.5
14 0 185.3
35 1 186.4
117 0 192.3
124 0 207.1
120 1 214.9
121 1 220.7
125 0 221.3
104 1 230.7
113 0 230.9
112 0 241.0
93 1 243.2
92 1 250.6
110 0 252.0
109 0 259.8
90 1 260.5
108 0 267.4
89 1 267.6
130 1 284.5
122 0 287.3
118 0 301.9
95 1 302.1
96 1 309.0
97 1 316.0
15 0 316.6
16 0 323.2
98 1 325.2
131 0 331.0
100 1 340.9
17 0 342.3
101 1 347.8
18 0 349.8
102 1 355.2
19 0 356.6
20 0 363.6
103 1 364.7
21 0 373.1
22 0 380.7
106 1 381.7
107 1 388.2
23 0 388.6
126 1 395.7
24 0 396.1
127 1 402.7
25 0 403.3
128 1 409.9
129 1 418.8
26 0 418.8
27 0 425.7
28 0 432.6
88 0 440.4
123 1 441.4
29 0 450.5
30 0 457.6
31 0 465.2
79 1 477.1
78 1 486.9
53 0 494.5
76 1 499.6
63 0 503.9
75 1 506.4
64 0 510.2
80 1 515.9
73 1 525.1
72 1 532.0
71 1 538.7
78 0 546.7
69 1 553.0
76 0 556.9
70 1 560.3
75 0 563.8
80 0 574.2
3 1 575.0
4 1 582.5
73 0 584.4
5 1 590.0
72 0 591.2
6 1 597.5
71 0 598.1
7 1 605.3
56 1 612.7
55 1 619.7
