87 0 32.5
65 1 34.9
33 0 42.5
50 1 45.0
31 0 54.5
48 1 54.7
49 1 60.9
12 0 65.3
66 1 72.7
11 0 72.9
67 1 79.2
132 0 84.0
44 1 91.9
81 1 101.2
14 0 104.5
15 0 111.6
41 1 113.7
16 0 118.3
38 1 127.3
117 0 130.6
36 1 136.1
35 1 143.0
124 0 145.0
87 1 153.2
125 0 159.1
33 1 162.9
113 0 169.0
31 1 173.6
112 0 178.9
12 1 183.5
110 0 189.8
11 1 190.8
109 0 197.4
132 1 200.9
108 0 205.0
126 0 216.3
14 1 217.7
127 0 223.4
15 1 225.3
128 0 230.4
16 1 231.8
129 0 239.8
117 1 242.6
124 1 254.6
106 0 254.9
125 1 266.9
120 0 267.1
118 0 275.9
113 1 276.0
112 1 285.3
123 0 290.9
110 1 295.3
109 1 302.5
108 1 309.9
122 0 313.2
104 1 323.1
93 0 337.5
92 0 345.1
23 1 349.6
24 1 356.8
130 0 357.1
25 1 364.1
90 0 368.0
89 0 375.0
26 0 391.9
85 1 395.3
27 0 398.8
83 1 403.6
28 0 405.8
88 0 413.3
79 1 415.8
29 0 423.4
78 1 425.4
62 0 435.8
76 1 438.0
75 1 444.7
58 0 446.0
59 0 452.7
80 1 454.3
60 0 460.0
61 0 469.7
86 1 481.2
133 0 484.1
6 1 502.1
5 1 509.4
4 1 517.0
70 0 521.6
3 1 524.4
69 0 529.1
71 0 545.5
72 0 552.3
53 1 554.5
73 0 559.3
74 0 566.5
63 1 568.2
64 1 574.2
1 0 596.6
18 1 611.0
19 1 617.7
8 0 625.2
21 1 628.3
9 0 632.6
95 1 652.5
96 1 659.1
97 1 666.1
98 1 675.3
100 1 691.1
101 1 697.9
131 0 698.0
102 1 705.0
103 1 714.5
