37 1 60.3
68 0 61.3
64 3 61.7
3 2 63.9
36 1 67.2
63 3 67.4
4 2 73.1
35 1 74.0
46 0 76.6
5 2 82.3
47 0 83.2
133 3 85.6
83 1 87.7
48 0 89.6
6 2 91.5
58 3 94.9
86 1 94.9
49 0 96.1
7 2 101.0
59 3 101.6
40 1 107.0
50 0 108.5
8 2 110.2
82 1 113.5
62 3 114.4
51 0 116.4
9 2 119.1
41 1 122.0
52 0 124.1
31 3 126.9
10 2 127.9
42 1 129.0
53 0 131.4
43 1 136.6
11 2 137.1
54 0 138.2
29 3 143.3
55 0 145.7
78 1 146.2
12 2 146.3
56 0 152.8
13 2 155.5
79 1 155.6
89 3 168.6
85 0 172.0
90 3 175.7
113 2 176.1
27 1 181.0
91 3 183.0
112 2 186.9
26 1 187.8
92 3 191.0
63 0 192.9
25 1 196.8
93 3 198.6
64 0 199.0
125 2 201.9
94 3 206.6
131 1 208.7
95 3 213.7
65 0 214.6
15 1 217.9
96 3 220.5
120 2 222.1
117 1 226.7
121 2 229.8
99 3 233.5
66 0 234.6
124 1 238.9
100 3 241.0
67 0 241.4
104 2 241.6
101 3 248.0
110 1 254.6
102 3 255.3
44 0 256.0
97 2 259.7
109 1 262.0
103 3 265.2
81 0 266.4
108 1 269.3
98 2 270.7
122 1 285.8
76 0 286.0
106 2 292.5
75 0 292.8
130 3 296.3
118 1 298.4
107 2 300.5
80 0 303.2
126 2 309.6
73 0 313.4
127 2 318.3
72 0 320.2
18 1 321.9
71 0 327.1
128 2 327.1
19 1 328.7
88 3 332.1
129 2 337.7
69 0 338.4
21 1 339.3
70 0 346.0
22 1 346.6
33 3 349.7
23 1 354.2
34 3 356.3
1 0 357.3
123 2 363.4
87 3 364.6
60 3 392.4
132 2 394.1
