130 0 33.3
97 1 33.4
64 2 35.1
63 2 42.6
90 0 46.2
89 0 53.3
104 1 54.6
65 2 59.5
105 1 61.2
23 0 63.8
122 1 71.4
24 0 71.4
50 2 71.8
25 0 78.2
120 1 80.9
48 2 83.1
123 1 89.7
49 2 91.1
26 0 93.3
118 1 99.0
27 0 100.2
66 2 105.2
28 0 107.2
117 1 107.3
67 2 113.2
88 0 114.9
12 1 119.2
29 0 125.0
11 1 126.5
44 2 128.2
30 0 132.0
132 1 136.4
32 0 138.6
81 2 139.6
33 0 145.6
9 1 145.6
34 0 152.2
8 1 152.9
41 2 154.4
87 0 160.3
83 2 170.2
60 1 176.1
62 0 176.6
84 2 178.1
61 1 185.3
133 0 186.3
85 2 187.0
58 0 200.0
86 2 203.1
59 0 206.4
38 2 217.2
15 1 225.0
31 0 227.4
36 2 227.7
16 1 231.6
35 2 236.2
131 0 246.0
124 1 249.3
79 2 255.0
18 0 260.5
125 1 261.8
78 2 266.4
19 0 267.3
113 1 270.8
20 0 274.2
112 1 279.8
76 2 281.3
21 0 283.5
75 2 289.8
110 1 289.8
109 1 297.1
80 2 301.1
92 0 304.0
108 1 304.3
93 0 311.5
73 2 312.1
126 1 314.6
94 0 319.5
72 2 320.5
127 1 321.3
95 0 326.8
128 1 328.4
71 2 329.0
96 0 333.5
69 2 345.5
99 0 346.6
100 1 353.0
70 2 354.5
101 0 357.2
3 2 371.4
4 2 380.6
5 2 389.8
6 2 398.9
33 1 400.4
34 1 406.9
7 2 408.5
56 2 417.4
55 2 426.1
56 0 430.2
