31 0 29.2
12 0 40.2
11 0 47.8
132 0 59.0
14 0 80.0
15 0 87.2
16 0 93.9
117 0 106.3
124 0 120.5
125 0 135.4
113 0 145.3
112 0 155.3
110 0 166.3
109 0 174.1
108 0 181.7
126 0 193.2
127 0 200.2
128 0 207.4
129 0 216.5
106 0 232.0
120 0 245.1
118 0 254.0
123 0 269.2
122 0 284.5
104 0 298.9
100 0 309.3
101 0 316.3
102 0 324.1
103 0 334.4
95 0 353.7
96 0 360.7
97 0 367.9
98 0 377.8
93 0 394.1
92 0 401.7
130 0 413.6
90 0 424.6
89 0 431.8
21 0 442.6
20 0 452.7
18 0 461.8
131 0 476.5
25 0 490.7
23 0 501.3
26 0 518.5
27 0 525.5
28 0 532.4
88 0 540.6
29 0 550.9
32 0 560.4
62 0 568.1
58 0 578.7
59 0 585.7
60 0 593.1
61 0 603.1
133 0 617.8
85 0 627.2
86 0 637.7
83 0 647.5
38 0 656.2
79 0 666.2
78 0 676.7
76 0 692.2
75 0 699.1
80 0 709.7
73 0 720.2
72 0 726.9
71 0 733.9
69 0 750.9
70 0 758.5
1 0 770.2
3 0 781.0
4 0 788.7
5 0 796.5
6 0 804.3
7 0 812.4
8 0 820.5
9 0 827.7
56 0 848.4
55 0 855.5
53 0 866.1
63 0 875.8
64 0 881.9
65 0 898.0
50 0 909.9
48 0 920.6
49 0 927.0
66 0 941.1
67 0 947.7
44 0 962.9
81 0 974.0
41 0 988.9
82 0 998.5
36 0 1015.3
35 0 1022.2
87 0 1033.7
33 0 1044.7
