10 3 41.8
123 1 44.2
1 0 44.5
126 2 45.5
2 0 51.6
11 3 51.7
118 1 53.8
29 2 57.2
3 0 60.1
119 1 60.4
8 3 61.7
28 2 66.0
120 1 67.3
4 0 68.7
12 3 73.1
121 1 73.6
27 2 75.3
13 3 80.6
5 0 84.6
122 1 85.9
25 2 87.9
14 3 88.4
6 0 92.8
32 1 95.5
26 2 97.5
7 0 101.5
31 1 102.2
47 3 106.9
12 0 109.6
1 2 110.4
126 1 111.7
48 3 117.2
13 0 117.5
29 1 121.0
3 2 122.6
14 0 125.3
28 1 127.6
4 2 132.2
15 0 132.8
27 1 134.2
16 0 140.5
5 2 142.2
25 1 144.1
102 3 149.1
26 1 151.1
6 2 152.0
17 0 154.2
101 3 156.7
7 2 162.0
18 0 163.1
3 1 166.5
100 3 167.1
4 1 173.8
5 1 181.2
78 3 182.0
19 0 187.0
6 1 188.6
7 1 196.2
54 3 196.8
55 3 205.0
56 3 213.3
133 0 213.8
20 1 228.4
21 1 234.2
51 0 236.7
22 1 244.2
104 0 244.3
23 1 250.8
72 2 251.6
105 0 255.4
37 1 262.2
74 2 270.3
52 0 273.1
34 1 273.9
75 2 278.8
53 0 280.8
39 1 287.4
110 2 293.6
40 1 294.0
109 0 298.8
111 2 302.4
124 1 306.8
125 1 321.2
81 2 326.8
82 2 335.8
38 1 337.8
127 1 353.9
98 2 355.4
128 1 360.2
97 2 367.3
89 0 372.3
129 1 379.5
