64 3 53.9
37 1 58.2
68 0 58.4
63 3 59.5
3 2 62.8
36 1 65.1
69 0 71.4
35 1 71.9
4 2 72.0
65 3 73.4
70 0 78.9
5 2 81.2
87 1 82.2
50 3 85.1
1 0 90.3
6 2 90.4
33 1 91.5
48 3 95.7
7 2 99.9
3 0 101.0
49 3 102.0
31 1 102.4
4 0 108.7
8 2 109.2
12 1 112.4
66 3 115.7
5 0 116.6
9 2 117.9
11 1 119.7
67 3 122.5
6 0 124.3
10 2 126.7
132 1 129.6
7 0 132.5
44 3 137.1
8 0 140.3
56 2 143.7
14 1 146.6
9 0 147.5
81 3 147.8
55 2 152.3
15 1 153.6
10 0 154.9
16 1 160.0
41 3 162.3
53 2 163.8
117 1 171.1
82 3 171.8
56 0 172.1
63 2 174.1
55 0 179.4
64 2 182.0
38 3 182.8
124 1 183.0
53 0 189.7
36 3 192.3
125 1 195.3
65 2 197.7
63 0 198.8
35 3 199.2
113 1 204.3
64 0 205.1
50 2 210.0
87 3 210.5
112 1 213.4
65 0 220.6
33 3 221.2
48 2 221.8
110 1 223.4
49 2 229.5
109 1 230.7
50 0 232.4
31 3 233.0
108 1 238.0
48 0 243.1
66 2 243.7
12 3 244.2
126 1 248.1
49 0 249.4
67 2 251.8
11 3 251.8
127 1 255.1
128 1 262.3
132 3 262.7
66 0 263.4
44 2 266.9
67 0 269.9
129 1 270.9
81 2 278.5
14 3 283.4
106 1 284.0
44 0 284.5
15 3 290.6
41 2 293.3
120 1 294.6
81 0 295.2
16 3 297.1
118 1 303.0
38 2 309.3
117 3 309.5
41 0 309.8
123 1 315.3
82 0 319.4
36 2 319.9
124 3 323.9
35 2 328.5
122 1 328.8
38 0 330.2
125 3 337.8
36 0 339.7
87 2 340.2
104 1 341.0
35 0 346.7
113 3 347.7
100 1 350.3
33 2 351.8
101 1 357.3
112 3 357.7
87 0 357.9
31 2 364.6
102 1 364.6
33 0 368.7
110 3 368.8
103 1 374.0
109 3 376.5
12 2 376.6
31 0 380.7
108 3 384.1
11 2 385.7
95 1 390.3
12 0 391.7
126 3 395.3
96 1 396.9
132 2 397.5
11 0 399.2
127 3 402.3
97 1 404.1
128 3 409.4
132 0 410.0
98 1 413.0
14 2 416.9
129 3 418.7
15 2 425.9
93 1 426.5
14 0 430.5
106 3 433.3
16 2 434.0
92 1 434.0
15 0 437.6
120 3 445.6
90 1 449.7
117 0 452.3
118 3 454.4
89 1 456.6
124 0 466.3
21 1 466.5
