45 3 66.3
130 2 66.4
32 0 67.0
121 1 68.1
44 3 73.0
120 1 74.6
31 0 75.9
90 2 78.0
118 1 82.2
81 3 83.4
89 2 86.5
12 0 86.8
11 0 94.3
123 1 94.8
41 3 97.7
21 2 98.0
132 0 105.4
82 3 107.3
122 1 108.1
20 2 108.9
38 3 118.0
18 2 119.0
104 1 120.0
14 0 125.9
36 3 127.3
100 1 129.3
15 0 132.8
131 2 133.4
35 3 134.4
101 1 136.2
102 1 143.4
87 3 145.3
16 0 147.3
25 2 152.7
103 1 152.7
33 3 155.9
117 0 159.0
23 2 163.8
31 3 167.8
95 1 168.6
124 0 172.7
96 1 175.2
12 3 178.8
26 2 180.5
97 1 182.2
11 3 186.4
125 0 186.8
27 2 188.9
98 1 191.3
113 0 196.4
132 3 197.1
28 2 197.6
93 1 204.6
112 0 206.1
88 2 206.7
92 1 212.0
110 0 217.0
29 2 217.6
14 3 217.8
130 1 222.7
15 3 224.5
109 0 224.6
30 2 226.2
16 3 231.3
90 1 232.3
108 0 232.4
33 2 236.3
89 1 239.1
117 3 243.4
126 0 243.6
34 2 244.7
21 1 248.8
127 0 250.5
87 2 254.3
124 3 257.3
128 0 257.5
20 1 257.9
35 2 265.9
18 1 266.1
129 0 266.7
125 3 271.2
36 2 274.4
131 1 278.2
113 3 280.9
106 0 281.5
37 2 283.1
25 1 290.2
112 3 290.6
104 0 290.8
38 2 291.3
39 2 299.2
23 1 299.6
110 3 301.4
93 0 304.8
109 3 309.1
79 2 312.0
92 0 312.4
26 1 313.8
108 3 316.7
27 1 320.7
78 2 323.2
28 1 327.7
126 3 328.0
43 2 334.5
95 0 334.5
127 3 334.9
88 1 335.1
96 0 341.2
128 3 341.9
29 1 344.3
41 2 346.5
97 0 348.3
129 3 351.1
30 1 351.1
62 1 359.6
83 2 362.3
100 0 367.0
58 1 369.1
84 2 370.2
101 0 374.1
59 1 375.6
86 2 379.0
102 0 381.3
60 1 382.6
85 2 390.1
103 0 391.3
61 1 391.7
53 2 401.0
133 3 405.4
63 2 411.3
85 3 414.4
122 0 417.4
64 2 419.3
83 3 423.7
66 1 423.8
120 0 427.2
67 1 430.3
65 2 434.5
123 0 436.8
79 3 437.7
68 1 442.5
118 0 446.7
50 2 446.7
78 3 447.9
71 1 449.9
72 1 456.4
48 2 458.1
73 1 463.2
49 2 466.0
74 1 470.5
86 3 478.6
69 2 485.4
76 0 493.4
53 3 494.1
70 2 494.2
75 1 496.3
63 3 503.3
80 0 506.8
76 1 507.9
64 3 509.5
80 1 518.7
56 2 520.9
65 3 525.0
55 2 529.6
50 3 536.4
1 0 539.5
8 2 548.5
3 1 548.9
4 0 553.7
9 2 557.2
5 1 559.2
6 0 565.2
