2 0 40.2
3 0 52.3
12 1 55.9
4 0 60.7
13 1 62.6
5 0 69.1
14 1 69.4
15 1 77.3
6 0 77.6
102 2 79.3
16 1 83.5
8 0 87.9
101 2 88.2
17 1 91.6
9 0 95.2
129 1 99.4
100 2 100.5
11 0 103.1
130 1 111.8
109 2 116.8
131 1 117.7
81 2 132.7
132 1 133.6
47 0 141.6
82 2 142.1
124 1 143.5
48 0 152.0
42 1 152.4
83 2 156.1
125 1 163.0
39 1 171.2
67 2 174.5
36 1 181.3
66 2 183.7
54 0 185.9
34 1 190.8
55 0 194.1
62 2 196.1
122 1 200.5
56 0 202.6
63 2 205.2
121 1 209.9
115 0 211.1
64 2 214.6
119 1 221.8
65 2 225.9
118 1 228.3
123 1 238.4
74 0 242.0
60 2 243.2
116 1 248.2
75 0 248.8
59 2 253.3
52 1 259.3
58 2 263.1
110 0 263.7
53 1 266.4
111 0 270.8
57 2 272.9
104 1 278.4
78 0 286.9
79 0 294.5
72 2 302.8
84 1 303.1
85 1 309.1
112 2 316.4
107 1 316.6
134 1 326.6
113 2 332.4
135 1 336.3
114 2 340.6
18 0 344.2
87 1 344.9
88 1 350.9
19 0 352.7
69 2 353.9
20 0 360.3
91 1 363.5
21 0 367.4
92 1 370.6
89 2 374.6
93 1 378.1
22 0 379.0
106 1 386.2
90 2 386.2
127 0 386.4
128 0 393.8
94 1 396.1
95 1 402.8
23 0 406.8
24 0 414.6
97 2 414.8
37 0 425.4
98 2 426.6
49 1 431.3
38 0 436.9
45 1 440.8
105 2 447.1
46 1 447.4
32 0 458.7
133 1 458.8
31 0 465.9
29 0 477.3
28 0 484.9
123 2 490.1
47 1 491.6
27 0 492.2
48 1 500.9
25 0 504.5
121 2 509.8
26 0 512.8
