97 1 40.2
64 2 43.8
130 0 46.4
63 2 51.4
95 1 52.8
90 0 57.2
93 1 62.4
89 0 64.3
65 2 65.0
92 1 69.8
21 0 75.0
50 2 77.2
130 1 80.5
20 0 84.6
48 2 88.6
90 1 90.0
18 0 93.6
49 2 96.7
89 1 97.1
21 1 106.7
131 0 107.9
66 2 110.4
20 1 115.6
67 2 118.5
25 0 128.3
44 2 133.4
23 0 138.5
31 1 143.5
81 2 144.7
29 1 152.4
26 0 155.5
41 2 159.4
27 0 162.4
32 1 165.4
28 0 169.4
82 2 169.8
62 1 172.5
88 0 176.9
38 2 181.4
58 1 181.6
59 1 188.4
36 2 192.0
133 1 199.0
35 2 200.5
15 0 204.1
85 1 207.7
87 2 212.3
117 0 213.6
86 1 216.6
33 2 225.3
124 0 227.3
55 1 230.2
56 1 237.3
125 0 241.4
113 0 251.1
76 2 251.6
53 1 253.4
75 2 260.0
112 0 260.7
83 1 270.3
80 2 271.3
110 0 271.7
109 0 279.2
79 1 282.4
108 0 287.0
78 1 291.9
69 2 292.0
126 0 298.2
70 2 301.1
127 0 305.1
68 1 307.5
128 0 312.1
71 1 314.5
3 2 318.1
72 1 321.3
129 0 321.3
4 2 327.2
73 1 328.0
74 1 335.0
106 0 336.1
5 2 336.5
75 1 344.9
104 0 345.4
6 2 345.7
76 1 351.7
7 2 355.1
100 0 362.3
8 2 367.2
80 1 367.5
101 0 369.3
9 2 376.0
102 0 376.6
10 2 384.9
69 1 385.5
103 0 386.6
70 1 392.6
11 2 394.2
12 2 403.1
3 1 407.5
13 2 412.5
122 0 412.5
4 1 414.9
14 2 421.0
5 1 422.2
120 0 422.4
15 2 429.7
6 1 429.9
123 0 432.0
16 2 437.8
8 1 440.0
118 0 441.8
9 1 447.2
117 2 450.6
10 1 454.4
11 1 462.1
60 1 488.8
