123 1 39.2
1 0 43.0
10 3 43.4
126 2 43.8
118 1 48.7
119 1 55.4
120 1 62.3
8 0 75.3
116 1 76.2
125 2 78.6
9 0 82.5
49 1 85.5
41 2 89.2
10 0 89.9
18 3 90.0
42 2 97.7
19 3 98.8
51 1 99.5
11 0 100.0
20 3 105.8
43 2 106.2
52 1 106.4
21 3 112.8
53 1 113.1
124 2 115.5
22 3 124.2
133 0 126.1
109 1 127.2
132 2 127.6
127 3 131.5
45 0 135.7
80 1 137.3
128 3 138.7
46 0 143.1
81 1 144.2
47 0 150.7
82 1 150.7
23 3 151.7
108 1 157.3
24 3 158.8
48 0 161.1
83 1 165.6
37 3 169.2
84 1 171.8
85 1 177.8
67 2 177.8
38 3 180.6
107 1 184.8
66 2 186.9
134 1 194.0
54 0 194.5
34 3 195.8
62 2 199.4
55 0 202.8
69 1 203.3
63 2 208.4
70 1 209.7
56 0 211.3
39 3 212.3
64 2 217.4
115 0 219.4
40 3 219.9
135 1 220.7
65 2 228.5
87 1 229.3
121 3 229.5
57 0 230.7
88 1 235.7
58 0 239.1
122 3 240.1
59 0 247.6
91 1 247.8
32 3 251.4
92 1 255.0
60 0 255.9
31 3 258.8
89 2 261.7
93 1 262.3
61 0 264.8
126 3 270.0
106 1 270.1
90 2 273.1
94 1 280.0
29 3 281.0
95 1 286.5
28 3 288.5
96 1 293.3
72 0 293.7
27 3 295.8
113 2 297.5
97 1 299.8
73 0 302.1
114 2 305.9
25 3 307.9
74 0 309.3
98 1 312.2
26 3 316.0
75 0 316.1
99 1 319.2
112 2 322.4
100 1 326.0
76 0 328.0
3 3 328.6
110 0 335.2
4 3 337.1
101 1 339.0
111 0 342.3
5 3 345.5
102 1 345.6
103 1 352.4
6 3 353.9
77 0 355.2
105 1 359.6
78 0 362.6
13 2 365.4
104 1 368.8
79 0 370.1
12 2 374.3
11 3 384.0
15 2 394.7
54 1 394.8
55 1 401.4
109 0 403.4
16 2 403.7
56 1 408.7
17 2 413.3
80 0 415.4
57 1 420.7
129 3 421.6
81 0 423.3
58 1 428.2
