10 3 37.2
1 0 38.8
123 1 42.2
126 2 43.8
2 0 45.8
11 3 47.0
118 1 51.8
3 0 54.4
29 2 55.6
8 3 57.0
119 1 58.4
4 0 63.0
28 2 64.5
120 1 65.4
12 3 68.5
5 0 71.3
121 1 71.7
27 2 73.7
13 3 76.0
6 0 79.8
14 3 83.9
122 1 84.1
25 2 86.2
7 0 88.6
15 3 91.7
32 1 93.6
26 2 95.8
8 0 96.5
16 3 99.3
31 1 100.2
9 0 103.9
130 3 106.1
1 2 108.8
126 1 109.6
10 0 111.3
131 3 112.7
29 1 118.9
3 2 121.0
11 0 121.4
17 3 125.2
28 1 125.5
4 2 130.7
27 1 132.1
129 3 133.9
5 2 140.6
25 1 142.1
26 1 149.2
18 3 153.9
3 1 164.4
4 1 171.7
132 2 173.0
5 1 179.0
124 2 185.3
6 1 186.4
51 3 191.2
7 1 194.1
42 2 196.5
57 0 198.0
104 3 198.7
8 1 201.0
58 0 206.7
9 1 207.6
125 2 209.3
102 3 209.4
10 1 214.5
59 0 215.0
101 3 216.8
39 2 220.1
11 1 223.0
60 0 223.5
100 3 227.4
61 0 232.3
36 2 232.9
12 1 236.6
62 0 240.3
37 2 242.2
109 3 242.6
13 1 243.5
63 0 247.7
14 1 250.3
64 0 255.3
15 1 257.2
20 2 257.6
81 3 258.3
16 1 263.8
65 0 265.1
82 3 265.6
21 2 266.3
130 1 270.1
108 3 272.9
131 1 276.0
66 0 282.1
83 3 282.2
84 3 289.1
67 0 289.8
133 1 290.0
85 3 295.6
68 0 297.7
45 1 298.7
107 3 303.8
46 1 305.1
134 0 305.3
47 1 311.8
97 3 318.6
48 1 321.0
135 0 322.0
95 3 328.6
87 0 331.6
94 3 336.3
