121 0 19.6
132 1 20.9
120 0 25.8
11 1 30.3
118 0 33.9
12 1 37.5
13 1 45.1
124 0 51.2
15 1 54.1
16 1 60.6
125 0 65.0
131 1 68.1
113 0 74.6
17 1 78.2
112 0 84.5
18 1 85.2
19 1 92.0
110 0 95.4
21 1 102.6
109 0 102.9
22 1 109.8
108 0 110.6
23 1 117.5
126 0 121.7
24 1 124.5
127 0 128.8
25 1 131.5
128 0 135.6
26 1 144.1
129 0 144.8
27 1 150.9
28 1 157.6
106 0 159.7
88 1 165.1
104 0 169.0
29 1 174.2
30 1 181.0
93 0 183.2
32 1 187.7
92 0 190.8
62 1 194.7
90 0 201.9
85 1 207.2
89 0 208.9
86 1 216.2
83 1 225.2
130 0 229.2
38 1 233.0
79 1 242.1
95 0 250.7
78 1 251.2
96 0 257.4
76 1 263.8
97 0 264.6
75 1 270.7
98 0 274.3
80 1 280.1
73 1 289.5
100 0 293.0
72 1 296.0
101 0 300.0
71 1 302.9
102 0 307.2
69 1 316.8
103 0 317.3
70 1 324.0
3 1 338.6
122 0 343.0
4 1 346.0
5 1 353.6
123 0 358.5
6 1 361.1
7 1 368.9
117 0 373.4
56 1 376.1
55 1 383.1
53 1 392.4
9 0 397.0
63 1 400.8
8 0 404.2
64 1 407.0
65 1 420.0
133 0 423.4
50 1 430.3
58 0 432.5
59 0 439.2
48 1 440.0
49 1 446.5
60 0 446.6
61 0 456.1
66 1 458.4
67 1 464.6
44 1 477.3
31 0 479.9
81 1 487.1
33 0 498.3
41 1 499.6
34 0 505.0
35 0 512.4
36 1 517.1
37 0 522.6
35 1 524.0
87 1 534.3
