81 0 18.8
41 0 32.8
82 0 42.2
38 0 52.9
36 0 62.4
35 0 69.4
87 0 80.8
33 0 91.6
31 0 104.0
12 0 115.4
11 0 123.0
132 0 134.3
14 0 155.3
15 0 162.5
16 0 169.3
117 0 181.7
124 0 196.8
125 0 211.4
113 0 221.4
112 0 231.3
110 0 242.5
109 0 250.2
108 0 257.7
126 0 269.1
127 0 276.3
128 0 283.7
129 0 293.4
106 0 308.5
120 0 320.9
118 0 330.0
123 0 345.0
122 0 360.6
104 0 375.2
100 0 385.5
101 0 392.7
102 0 400.3
103 0 410.7
95 0 430.3
96 0 436.9
97 0 444.4
98 0 454.2
93 0 471.1
92 0 478.7
130 0 490.8
90 0 502.1
89 0 509.0
21 0 520.1
20 0 530.2
18 0 539.5
131 0 554.5
25 0 568.5
23 0 579.0
26 0 596.6
27 0 603.5
28 0 610.7
88 0 618.5
29 0 629.1
62 0 641.6
58 0 652.2
59 0 658.8
60 0 666.1
61 0 676.0
133 0 691.1
85 0 700.6
86 0 711.2
83 0 721.0
79 0 735.3
78 0 745.7
76 0 760.9
75 0 767.8
80 0 778.4
73 0 788.7
72 0 795.6
71 0 802.6
69 0 819.9
70 0 827.3
1 0 838.7
3 0 849.7
4 0 857.6
5 0 865.4
6 0 873.3
7 0 881.4
8 0 889.4
9 0 896.5
56 0 917.2
55 0 924.5
53 0 934.9
63 0 944.6
64 0 950.6
65 0 966.9
50 0 978.8
48 0 989.4
49 0 995.7
66 0 1009.7
67 0 1016.1
44 0 1031.6
