2 0 30.4
11 1 33.3
3 0 39.0
8 1 41.8
4 0 47.4
12 1 51.2
5 0 57.0
13 1 58.0
6 0 64.4
14 1 64.8
7 0 72.9
47 1 79.7
12 0 80.9
48 1 88.6
13 0 88.7
14 0 96.6
15 0 104.4
16 0 111.8
54 1 114.3
17 0 120.2
55 1 121.4
18 0 128.8
56 1 128.9
19 0 137.3
57 1 140.8
58 1 148.3
129 0 154.6
59 1 155.7
60 1 162.9
130 0 169.5
61 1 170.4
131 0 176.3
62 1 178.7
63 1 184.8
132 0 195.4
124 0 207.0
66 1 207.6
67 1 214.1
42 0 217.9
68 1 220.9
134 1 228.3
125 0 231.2
39 0 241.1
84 1 244.2
34 0 252.5
95 1 256.9
94 1 263.5
122 0 264.7
106 1 274.8
121 0 276.8
92 1 285.8
119 0 291.9
91 1 292.9
118 0 299.5
87 1 304.1
88 1 310.4
123 0 312.9
116 0 324.8
135 1 333.1
51 0 335.0
69 1 341.0
52 0 343.2
70 1 348.1
53 0 351.0
113 1 354.6
114 1 360.8
