13 3 61.6
132 1 62.0
39 2 63.3
124 0 63.5
12 3 69.0
11 1 71.4
38 2 71.6
125 0 77.4
36 2 81.6
9 3 85.8
12 1 86.4
113 0 87.1
35 2 90.1
8 3 93.1
13 1 93.6
112 0 96.8
87 2 102.1
131 1 106.7
110 0 107.7
133 3 109.9
33 2 113.4
109 0 115.4
17 1 116.9
62 3 119.1
108 0 123.0
18 1 124.1
19 1 131.0
31 3 131.7
126 0 134.2
127 0 141.3
21 1 141.3
14 3 141.7
124 2 145.0
128 0 148.0
15 3 148.5
22 1 148.5
16 3 155.2
89 1 155.7
129 0 157.4
125 2 159.4
90 1 162.7
117 3 167.3
91 1 169.9
113 2 170.0
106 0 172.2
118 3 176.5
92 1 177.5
112 2 181.0
119 3 183.0
93 1 185.0
120 0 189.7
94 1 192.6
110 2 192.8
123 0 199.5
95 1 199.8
109 2 201.8
96 1 206.3
108 2 211.0
58 3 217.6
99 1 217.8
126 2 223.2
104 0 223.5
59 3 224.3
60 3 231.4
127 2 231.7
128 2 240.3
61 3 241.1
97 0 242.0
129 2 250.8
58 1 264.3
102 0 270.0
29 3 270.2
103 0 279.9
27 3 280.1
26 3 286.9
29 2 296.0
25 3 296.7
27 2 306.9
130 0 311.0
23 3 312.2
26 2 315.5
88 2 333.7
23 0 334.6
24 0 342.2
26 0 349.4
85 3 356.2
27 0 356.2
122 1 358.2
28 0 363.3
83 3 365.5
29 0 370.4
30 0 377.5
79 3 379.4
78 3 389.9
85 0 399.9
43 3 400.3
83 1 401.0
41 3 411.2
79 1 413.1
50 2 415.5
40 0 417.9
78 1 422.4
48 2 426.9
86 3 432.5
49 2 434.8
76 1 435.0
75 1 441.9
53 0 447.8
66 2 448.7
80 1 451.2
63 3 453.2
67 2 456.7
64 3 459.6
73 1 460.5
72 1 467.3
44 2 471.5
71 1 474.1
65 3 474.6
76 2 489.8
75 2 498.2
81 0 498.4
80 2 509.5
