37 1 66.0
64 3 66.6
68 0 67.0
3 2 72.0
36 1 72.7
63 3 72.8
35 1 79.3
69 0 80.9
4 2 81.8
65 3 87.5
70 0 89.1
87 1 89.3
33 1 99.1
1 0 101.1
5 2 102.9
31 1 109.6
3 0 112.5
6 2 112.8
4 0 120.9
7 2 122.8
12 1 123.1
60 3 127.3
5 0 129.4
11 1 130.3
6 0 137.9
56 2 140.8
7 0 146.6
55 2 150.1
14 1 154.6
8 0 155.0
15 1 161.5
9 0 162.7
16 1 167.9
10 0 170.7
53 2 173.4
117 1 178.8
56 0 189.3
85 2 190.1
124 1 191.0
55 0 197.0
83 2 201.2
53 0 208.2
125 1 211.2
40 2 212.2
120 3 212.3
121 3 218.6
113 1 220.4
82 2 222.7
112 1 229.3
104 3 230.0
41 2 233.7
86 0 238.1
110 1 239.6
42 2 242.9
109 1 246.9
97 3 250.7
43 2 253.1
108 1 254.0
58 0 260.6
98 3 262.1
81 2 263.4
59 0 267.5
61 0 276.1
93 1 276.7
44 2 276.9
92 1 284.1
45 2 285.7
106 3 288.4
62 0 293.6
90 1 294.8
107 3 295.6
46 2 295.6
89 1 301.5
126 3 303.5
48 2 306.4
127 3 311.1
14 0 314.2
49 2 315.2
130 1 318.9
128 3 319.1
117 0 321.5
129 3 329.0
50 2 329.2
95 1 337.6
113 0 339.2
51 2 339.2
96 1 344.0
112 0 349.7
66 2 356.7
100 1 358.2
123 3 359.8
101 1 365.0
67 2 365.3
125 0 366.3
102 1 371.9
103 1 381.2
71 2 383.9
72 2 392.9
17 0 401.6
73 2 401.9
122 1 402.9
25 0 409.0
74 2 411.3
118 1 415.5
76 3 417.5
26 0 419.7
80 2 424.0
75 3 424.8
27 0 427.2
28 0 434.8
29 0 442.4
79 2 443.6
83 1 454.5
38 1 462.6
88 0 464.5
78 1 476.5
18 2 486.0
131 3 486.3
19 2 494.9
20 2 503.9
23 3 508.1
21 2 515.2
23 1 519.7
