68 0 54.2
64 3 55.6
37 1 56.8
3 2 60.7
63 3 61.3
36 1 63.7
4 2 69.9
35 1 70.4
44 0 70.5
5 2 79.1
87 1 80.4
81 0 80.8
6 2 88.2
60 3 89.8
33 1 90.1
41 0 95.1
7 2 97.7
61 3 99.2
31 1 100.4
82 0 104.5
38 0 115.2
12 1 115.3
56 2 122.5
11 1 122.6
36 0 124.7
55 2 131.0
35 0 131.6
14 1 140.0
53 2 142.3
87 0 142.7
89 3 143.9
117 1 146.8
90 3 151.1
33 0 153.2
65 2 156.6
91 3 158.3
113 1 160.6
31 0 165.1
92 3 166.3
112 1 169.7
63 2 170.4
93 3 174.0
64 2 178.1
94 3 182.0
125 1 182.4
131 0 183.7
95 3 189.1
133 2 193.9
96 3 196.0
17 0 200.7
62 2 204.7
18 0 208.2
100 3 212.3
19 0 217.7
101 3 219.2
20 0 224.5
118 2 228.6
119 2 236.7
21 0 241.2
97 3 241.2
26 1 248.3
22 0 248.6
98 3 250.9
27 1 254.7
23 0 256.4
29 2 260.9
28 1 261.4
24 0 263.9
106 3 274.2
107 3 280.6
126 3 288.1
79 2 294.8
127 3 295.0
106 1 300.3
128 3 302.1
78 2 306.0
107 1 306.4
129 3 311.2
126 1 313.7
108 3 327.5
85 0 329.9
109 3 335.0
83 0 339.2
122 1 342.3
110 3 342.7
15 2 346.5
111 3 350.5
86 0 352.9
16 2 354.8
123 1 355.5
115 3 362.2
58 0 372.9
59 0 382.9
76 2 404.4
130 1 409.2
75 2 412.8
66 0 418.1
80 2 424.2
67 0 424.6
50 3 427.7
103 1 433.4
73 2 435.3
48 3 442.7
72 2 443.6
71 2 452.1
70 1 495.5
69 1 502.6
