130 0 62.3
68 1 62.9
95 3 63.2
125 2 66.7
96 3 69.9
90 0 72.8
69 1 74.3
97 3 76.8
113 2 77.2
89 0 79.9
70 1 81.4
98 3 86.5
112 2 88.1
21 0 90.5
3 1 96.1
110 2 99.8
20 0 100.4
93 3 102.7
4 1 103.4
109 2 108.9
18 0 109.2
92 3 110.3
5 1 111.0
108 2 117.9
6 1 118.5
130 3 122.2
131 0 123.4
7 1 126.2
126 2 130.0
90 3 133.0
8 1 133.7
25 0 137.3
127 2 138.4
89 3 140.2
9 1 140.8
128 2 147.0
10 1 148.0
23 0 154.7
129 2 157.5
56 1 162.2
55 1 169.2
26 0 171.9
106 2 172.4
27 0 178.7
62 1 184.4
120 2 185.0
28 0 185.7
118 2 194.8
88 0 198.6
36 1 200.4
37 1 207.2
58 3 208.2
29 0 208.5
123 2 209.5
38 1 213.6
59 3 214.9
30 0 215.6
39 1 220.1
32 0 222.0
60 3 222.1
122 2 224.9
33 0 228.7
79 1 230.8
61 3 231.8
34 0 235.5
104 2 239.2
78 1 240.3
87 0 243.5
43 1 249.5
100 2 250.3
81 1 256.8
101 2 258.9
31 0 261.5
12 3 262.1
44 1 266.5
102 2 267.8
11 3 269.6
71 1 277.7
103 2 278.9
132 3 280.7
120 0 283.7
72 1 284.2
73 1 291.2
74 1 298.3
99 0 305.0
80 1 305.7
75 1 314.6
76 1 321.5
41 1 334.6
35 3 343.0
36 3 349.9
37 3 357.0
85 1 360.6
63 2 362.5
133 0 367.9
64 2 370.4
86 1 380.5
66 2 397.1
48 0 397.5
15 3 398.1
65 1 401.0
49 0 404.0
16 3 404.7
67 2 405.3
50 1 411.3
124 3 426.5
