57 0 23.7
45 1 24.3
58 0 30.3
44 1 31.1
59 0 37.1
81 1 40.5
60 0 44.0
41 1 53.0
61 0 53.7
82 1 61.6
86 0 83.0
8 1 88.0
83 0 92.4
9 1 95.0
38 0 101.1
10 1 102.2
11 1 109.9
40 0 114.7
12 1 117.5
13 1 124.9
78 0 127.5
14 1 132.0
76 0 137.3
15 1 139.3
75 0 144.2
16 1 145.7
131 1 153.5
80 0 154.8
17 1 163.6
73 0 165.0
18 1 170.9
72 0 171.9
19 1 177.7
71 0 178.8
20 1 184.7
69 0 190.2
21 1 193.4
70 0 197.8
22 1 200.6
23 1 208.4
1 0 209.2
24 1 215.6
3 0 219.8
25 1 222.7
4 0 227.6
5 0 235.3
26 1 235.6
27 1 242.1
6 0 243.2
28 1 249.2
7 0 251.2
56 0 258.8
55 0 266.0
89 1 267.6
90 1 274.7
53 0 276.6
91 1 281.7
63 0 285.9
130 1 289.8
64 0 292.2
92 1 300.4
93 1 307.7
65 0 308.0
94 1 315.4
50 0 319.9
95 1 322.7
96 1 329.3
48 0 330.6
97 1 336.7
49 0 336.8
98 1 345.5
66 0 351.4
67 0 357.8
100 1 361.9
101 1 368.7
