82 1 32.6
63 2 34.4
64 2 41.9
61 0 42.5
83 1 42.6
84 1 49.0
58 0 51.9
86 1 56.2
65 2 57.1
57 0 58.8
133 0 65.4
38 1 68.3
50 2 69.3
36 1 77.0
35 1 83.7
8 0 84.1
9 0 91.4
3 2 96.5
10 0 98.8
4 2 105.8
132 0 106.1
120 1 112.1
5 2 115.1
11 0 116.7
121 1 118.1
6 2 124.2
12 0 124.2
104 1 127.8
13 0 132.2
7 2 133.7
56 2 142.5
97 1 143.1
55 2 151.3
98 1 152.3
113 0 153.8
112 0 163.8
106 1 171.2
107 1 177.6
14 2 177.7
125 0 178.9
126 1 185.2
15 2 186.2
127 1 192.1
16 2 194.4
128 1 199.2
131 0 207.2
117 2 207.3
17 0 218.5
124 2 221.2
123 1 225.3
18 0 225.8
19 0 232.7
110 2 239.2
20 0 239.3
109 2 248.3
21 0 248.5
22 0 256.0
108 2 257.3
79 1 261.1
23 0 264.0
78 1 270.7
24 0 271.5
25 0 278.6
93 2 281.1
76 1 283.5
92 2 290.2
75 1 290.4
26 0 293.6
80 1 299.8
27 0 300.5
90 2 302.2
28 0 307.5
73 1 308.9
89 2 310.9
88 0 315.4
72 1 315.8
71 1 322.6
29 0 325.4
130 2 330.2
30 0 332.5
69 1 332.5
70 1 339.8
31 0 340.1
95 2 350.8
32 0 355.8
96 2 359.2
33 0 362.8
46 1 364.1
34 0 369.4
48 1 372.8
100 2 375.4
87 0 377.9
49 1 379.1
101 2 383.9
66 1 390.9
102 2 393.0
62 0 394.0
67 1 397.5
103 2 404.2
53 0 408.7
44 1 409.8
81 1 419.3
85 0 425.3
122 2 427.9
41 1 432.2
