65 0 32.8
126 1 36.2
127 1 43.1
50 0 43.9
128 1 50.1
48 0 54.3
49 0 60.8
106 1 66.5
66 0 74.0
120 1 77.1
67 0 80.6
118 1 85.5
44 0 95.6
123 1 98.2
81 0 106.7
122 1 111.7
41 0 121.8
104 1 124.3
82 0 131.6
100 1 133.6
101 1 140.5
38 0 142.6
102 1 148.1
36 0 152.2
35 0 159.2
95 1 169.1
87 0 170.5
96 1 175.7
33 0 181.6
97 1 183.3
98 1 192.3
31 0 193.8
12 0 205.1
93 1 205.9
11 0 212.8
92 1 213.6
132 0 224.1
90 1 229.8
89 1 237.1
14 0 245.0
21 1 247.5
15 0 251.8
20 1 256.7
16 0 258.6
18 1 264.9
117 0 270.7
25 1 284.2
113 0 287.4
23 1 293.6
110 0 297.4
109 0 304.9
26 1 307.9
108 0 312.5
27 1 314.5
28 1 321.6
88 1 328.9
29 1 338.2
112 0 338.3
30 1 345.0
125 0 353.3
62 1 353.7
58 1 362.9
124 0 367.2
59 1 369.6
60 1 376.8
61 1 385.9
133 1 398.5
85 1 407.0
63 0 413.3
83 1 415.7
64 0 419.7
79 1 428.4
78 1 438.0
68 0 447.0
76 1 450.8
71 0 454.6
75 1 457.6
72 0 461.5
80 1 467.0
73 0 468.4
74 0 475.7
86 1 494.0
69 0 495.4
70 0 503.0
1 0 514.4
8 1 514.8
9 1 521.8
3 0 525.0
10 1 529.1
4 0 532.9
5 0 540.6
6 0 548.5
53 1 550.3
7 0 556.6
