2 0 32.9
29 2 35.8
8 1 39.6
3 0 41.7
28 2 44.8
12 1 49.2
4 0 50.1
27 2 53.8
13 1 55.9
5 0 58.6
14 1 62.8
25 2 66.7
6 0 67.1
15 1 69.9
7 0 75.9
26 2 76.2
16 1 76.6
130 1 83.1
8 0 84.2
131 1 89.2
9 0 91.7
3 2 94.7
10 0 99.5
17 1 99.5
4 2 104.5
129 1 107.6
11 0 109.8
5 2 114.5
6 2 124.4
7 2 134.5
18 1 144.6
19 1 151.9
20 1 158.8
21 1 164.9
22 1 174.8
127 1 181.2
128 1 187.6
100 0 188.4
23 1 199.0
81 0 199.7
24 1 205.8
82 0 207.1
37 1 214.7
83 0 219.4
38 1 224.6
84 0 226.5
85 0 233.0
34 1 237.4
32 1 246.5
134 0 247.5
31 1 253.0
62 0 269.1
122 1 269.7
63 0 276.6
121 1 279.7
64 0 284.5
119 1 291.3
65 0 294.4
118 1 298.0
52 1 313.9
53 1 320.7
135 0 321.0
54 1 328.9
87 0 330.6
