1 0 41.0
10 3 42.7
126 2 43.9
123 1 44.2
2 0 48.1
11 3 52.8
118 1 53.9
29 2 55.7
3 0 56.9
119 1 60.7
8 3 62.8
28 2 64.7
4 0 65.2
120 1 67.4
27 2 73.7
5 0 73.7
121 1 73.9
12 3 74.1
13 3 81.9
6 0 82.2
122 1 86.4
25 2 86.5
14 3 89.7
7 0 91.0
32 1 96.0
26 2 96.1
15 3 97.5
8 0 99.1
31 1 102.6
16 3 105.2
9 0 106.7
130 3 112.0
126 1 112.2
10 0 114.1
3 2 114.7
131 3 119.1
29 1 121.5
11 0 124.3
4 2 124.6
28 1 128.1
17 3 131.3
5 2 134.4
27 1 134.8
12 0 141.2
25 1 144.9
26 1 152.0
42 0 163.2
3 1 167.3
4 1 174.6
125 0 175.1
5 1 181.9
39 0 184.7
6 1 189.4
36 0 196.5
57 3 196.5
7 1 197.0
8 1 204.1
58 3 204.9
38 0 205.2
9 1 210.7
59 3 213.5
10 1 217.8
34 0 220.1
60 3 222.0
61 3 230.7
32 0 230.8
12 1 235.7
31 0 238.4
62 3 238.8
13 1 244.3
63 3 246.3
64 3 254.1
45 1 255.2
122 0 259.3
46 1 261.8
65 3 264.2
47 1 268.9
119 0 270.6
48 1 277.8
118 0 278.3
66 3 281.1
67 3 288.9
116 0 289.2
68 3 296.7
51 0 298.9
134 3 304.5
104 0 306.6
98 1 309.9
102 0 317.4
97 1 319.4
135 3 321.2
132 2 321.4
101 0 324.8
108 1 329.4
87 3 331.1
133 2 337.9
88 3 338.3
95 1 343.6
89 3 346.3
109 0 346.8
45 2 348.9
94 1 350.3
90 3 356.8
46 2 357.7
106 1 360.5
47 2 367.1
91 3 374.5
105 0 377.6
48 2 378.7
92 3 382.9
134 1 384.8
93 3 391.6
107 1 394.5
49 2 395.5
52 0 397.4
84 1 403.2
50 2 405.0
53 0 405.4
81 1 413.6
54 0 414.2
69 3 416.1
55 0 422.4
100 1 422.7
70 3 423.8
98 2 429.2
113 3 430.8
56 0 430.9
114 3 437.5
105 1 438.9
115 0 439.3
97 2 441.2
71 3 450.1
108 2 454.2
112 3 458.9
132 1 463.1
72 3 471.3
95 2 471.5
124 1 472.4
81 0 475.6
73 3 479.9
94 2 480.6
82 0 483.0
74 3 487.0
84 0 493.0
106 2 493.7
75 3 494.1
52 1 496.8
85 0 499.7
53 1 503.7
76 3 505.7
92 2 507.7
107 0 508.0
54 1 511.3
110 3 513.0
91 2 517.5
55 1 518.4
111 3 520.3
56 1 525.9
135 2 529.4
57 1 538.3
134 2 540.7
58 1 545.6
107 2 552.7
59 1 552.9
