82 1 44.1
63 2 49.0
61 0 52.3
38 1 54.0
64 2 56.4
58 0 61.6
36 1 62.7
57 0 68.7
35 1 69.5
65 2 71.6
133 0 75.2
87 1 79.5
50 2 83.9
85 0 84.3
33 1 89.1
86 0 94.5
48 2 95.2
31 1 99.5
49 2 103.2
83 0 103.8
12 1 109.2
38 0 112.2
11 1 116.5
66 2 117.0
79 0 122.0
67 2 125.2
132 1 126.5
78 0 132.1
44 2 140.0
14 1 143.0
76 0 147.1
15 1 150.1
81 2 151.3
75 0 154.0
16 1 156.7
80 0 164.3
41 2 165.9
117 1 167.5
73 0 174.4
124 1 179.3
72 0 181.4
38 2 181.9
71 0 188.3
125 1 191.4
36 2 192.4
113 1 200.4
35 2 200.9
69 0 204.7
112 1 209.3
70 0 212.2
87 2 212.7
110 1 219.1
1 0 223.5
33 2 224.2
109 1 226.5
108 1 233.7
3 0 233.9
31 2 236.7
4 0 241.8
126 1 243.7
12 2 248.4
5 0 249.5
127 1 250.7
6 0 257.3
11 2 257.5
128 1 257.6
7 0 265.4
132 2 269.3
8 0 273.3
106 1 274.1
9 0 280.5
120 1 284.5
10 0 287.8
14 2 288.5
118 1 292.5
15 2 297.0
56 0 304.9
123 1 305.1
16 2 305.4
55 0 312.1
117 2 318.2
122 1 318.2
53 0 322.4
104 1 330.3
63 0 331.4
124 2 332.1
64 0 337.7
100 1 339.5
101 1 346.4
125 2 346.5
65 0 353.2
102 1 353.6
113 2 357.2
103 1 362.8
50 0 364.5
112 2 368.1
48 0 375.0
95 1 379.0
110 2 379.9
49 0 381.2
96 1 385.7
109 2 388.8
97 1 392.7
66 0 394.7
108 2 398.0
67 0 401.2
98 1 401.6
126 2 410.0
93 1 415.0
44 0 415.7
127 2 418.6
92 1 422.5
81 0 426.2
128 2 427.1
130 1 433.1
129 2 437.5
41 0 440.6
90 1 442.6
89 1 449.5
82 0 450.2
106 2 452.4
21 1 459.2
120 2 465.1
36 0 466.1
20 1 468.2
35 0 473.1
118 2 474.8
18 1 476.5
87 0 484.2
131 1 488.6
123 2 489.6
33 0 494.6
25 1 500.6
122 2 504.9
31 0 506.5
23 1 510.0
12 0 517.4
104 2 519.1
26 1 524.3
11 0 525.1
100 2 530.2
27 1 531.0
132 0 535.8
28 1 538.1
101 2 538.9
88 1 545.4
102 2 547.8
29 1 554.6
14 0 556.4
103 2 558.9
15 0 563.2
62 1 565.2
