80 2 59.3
87 1 59.6
1 0 60.3
9 3 62.1
2 0 67.5
33 1 68.9
8 3 70.3
73 2 71.2
3 0 75.9
31 1 79.6
72 2 80.0
56 3 81.7
4 0 84.5
71 2 89.2
12 1 89.3
55 3 89.5
5 0 92.8
11 1 96.6
53 3 100.5
6 0 101.3
132 1 106.5
69 2 106.7
70 2 116.3
7 0 118.3
14 1 124.0
85 3 124.2
1 2 129.2
15 1 130.5
16 1 136.9
11 0 137.4
133 3 140.6
3 2 141.4
12 0 145.7
117 1 147.9
62 3 150.6
4 2 151.2
13 0 158.2
5 2 161.0
29 3 164.1
110 1 166.6
6 2 171.0
109 1 173.8
88 3 175.3
108 1 181.0
7 2 181.0
113 0 181.8
27 3 186.1
8 2 190.8
126 1 191.1
112 0 192.4
26 3 193.5
127 1 197.7
9 2 200.1
128 1 204.5
23 3 204.8
10 2 209.6
129 1 213.2
89 3 216.3
90 3 223.9
106 1 226.1
91 3 231.8
104 1 234.6
130 3 240.6
125 2 242.4
38 0 250.2
97 1 250.6
92 3 253.1
39 0 257.0
124 2 257.6
98 1 259.5
93 3 261.3
40 0 264.1
94 3 269.9
82 0 271.3
95 3 277.5
41 0 281.0
122 1 283.3
96 3 284.9
42 0 288.7
78 0 296.1
99 3 299.1
100 3 307.1
79 0 307.4
83 2 310.8
101 3 314.7
133 1 318.0
102 3 322.4
37 2 324.8
76 0 330.3
36 2 332.8
103 3 333.3
75 0 337.8
35 2 341.6
44 1 343.8
120 3 359.4
48 1 367.1
81 0 368.2
86 2 369.1
123 3 370.0
49 1 373.4
118 3 380.6
46 0 385.8
66 0 393.0
67 0 400.2
58 1 400.7
50 2 401.3
131 3 403.2
59 1 407.2
60 1 413.9
17 3 415.0
18 3 423.1
61 1 423.3
19 3 430.5
58 2 432.8
20 3 437.7
59 2 441.6
21 3 447.6
60 2 451.1
61 2 462.4
