68 0 58.6
64 3 62.3
37 1 64.0
3 2 67.1
63 3 68.0
36 1 70.7
69 0 71.4
4 2 76.4
35 1 77.5
70 0 78.9
65 3 81.4
5 2 85.5
87 1 87.5
1 0 90.1
50 3 93.1
6 2 94.7
33 1 97.1
3 0 100.7
48 3 103.5
7 2 104.2
31 1 107.6
4 0 108.5
49 3 109.7
8 2 113.4
5 0 116.3
12 1 117.3
9 2 122.2
66 3 123.2
6 0 124.1
11 1 124.8
67 3 129.6
10 2 131.0
7 0 132.1
8 0 139.8
44 3 144.2
9 0 150.4
29 1 154.2
81 3 154.7
10 0 157.7
27 1 163.1
14 2 168.6
41 3 169.0
26 1 170.0
56 0 174.7
15 2 177.1
82 3 178.6
25 1 179.0
55 0 181.9
16 2 185.3
38 3 189.3
53 0 192.1
18 1 198.2
36 3 198.6
117 2 203.7
19 1 204.9
35 3 205.7
50 0 206.4
21 1 215.3
87 3 216.8
124 2 217.8
22 1 222.5
65 0 225.6
33 3 227.2
89 1 229.7
125 2 232.0
90 1 236.7
31 3 239.1
63 0 239.2
113 2 242.9
91 1 243.9
64 0 245.2
12 3 250.0
92 1 251.4
112 2 253.7
11 3 257.6
93 1 258.8
85 0 262.3
110 2 265.4
94 1 266.4
132 3 268.4
83 0 271.5
95 1 273.6
109 2 274.4
96 1 280.2
40 0 280.4
108 2 283.6
82 0 286.8
97 1 287.4
14 3 289.2
15 3 295.9
98 1 296.2
122 2 302.4
16 3 302.7
86 0 303.1
99 1 309.2
117 3 314.8
100 1 316.6
118 2 317.2
133 0 318.3
101 1 323.5
58 0 327.3
102 1 330.7
59 0 333.9
131 2 339.1
103 1 339.8
60 0 341.0
62 3 341.0
133 3 350.6
61 0 350.7
104 1 353.3
53 3 359.6
105 1 360.1
88 2 364.9
62 0 366.1
106 1 366.9
107 1 373.0
85 3 375.7
126 1 380.5
23 2 383.0
83 3 384.8
127 1 387.4
128 1 394.5
21 2 394.8
79 0 401.4
129 1 402.8
76 3 405.3
20 2 405.6
78 0 411.7
75 3 412.1
89 2 421.2
120 1 421.2
73 3 422.3
72 3 429.1
90 2 429.8
123 1 430.3
71 0 434.1
91 2 438.7
72 0 440.9
71 3 442.6
73 0 447.9
130 2 448.0
74 0 455.0
80 3 458.1
