97 1 30.4
64 2 32.4
130 0 34.0
63 2 39.9
95 1 43.0
90 0 45.1
89 0 52.1
93 1 52.7
65 2 53.6
92 1 60.0
21 0 62.8
50 2 65.8
130 1 70.7
20 0 72.4
48 2 77.2
90 1 80.2
18 0 81.4
49 2 85.3
89 1 87.2
131 0 95.7
21 1 96.9
66 2 99.0
20 1 105.8
67 2 107.2
25 0 109.4
18 1 114.3
23 0 119.8
44 2 121.9
131 1 126.2
81 2 133.4
26 0 136.9
25 1 138.3
27 0 143.8
23 1 147.7
41 2 148.0
28 0 150.8
88 0 158.3
82 2 158.5
26 1 162.1
29 0 168.4
27 1 168.9
38 2 170.0
30 0 175.4
28 1 175.6
36 2 180.5
32 0 181.6
88 1 183.1
62 0 188.8
35 2 189.1
29 1 192.2
30 1 199.1
58 0 199.1
87 2 200.9
59 0 205.8
62 1 207.7
33 2 212.3
60 0 213.0
58 1 217.1
59 1 223.7
31 2 225.0
133 0 230.2
61 1 230.6
12 2 236.7
85 0 239.6
11 2 245.7
86 0 249.6
31 1 250.1
132 2 257.5
83 0 259.1
12 1 259.6
38 0 267.6
10 1 271.7
79 0 277.2
9 1 278.5
118 2 283.0
8 1 285.5
78 0 287.4
119 2 291.3
123 2 300.3
76 0 302.3
75 0 309.2
14 1 309.8
120 2 311.2
15 1 316.7
121 2 319.0
80 0 319.6
122 2 328.4
117 1 329.2
73 0 329.7
72 0 336.6
104 2 342.6
113 1 342.9
71 0 343.5
112 1 352.0
100 2 359.1
69 0 359.9
125 1 364.9
70 0 367.5
101 2 367.6
102 2 376.5
1 0 378.7
103 2 387.5
106 1 388.0
3 0 389.1
107 1 394.2
4 0 397.0
126 1 401.6
5 0 404.8
127 1 408.4
108 2 412.2
6 0 412.5
128 1 415.5
7 0 420.7
109 2 421.3
56 0 428.0
110 2 430.4
55 0 435.2
104 1 436.3
111 2 439.6
53 0 445.5
100 1 450.5
63 0 454.6
124 2 454.8
101 1 457.2
64 0 460.8
102 1 464.5
103 1 473.7
65 0 476.1
112 2 479.0
50 0 487.7
125 2 494.0
122 1 494.5
