1 0 61.2
87 1 62.6
80 2 65.2
9 3 66.0
2 0 68.4
33 1 72.0
8 3 74.2
3 0 76.8
73 2 77.0
31 1 82.7
4 0 85.3
72 2 85.7
56 3 85.8
12 1 92.4
55 3 93.4
71 2 95.0
11 1 99.8
5 0 103.1
133 3 104.0
6 0 111.5
69 2 112.4
85 3 118.3
7 0 120.3
70 2 121.9
56 0 128.1
86 3 129.2
113 1 132.8
1 2 134.9
112 1 141.6
55 0 143.6
83 3 145.4
3 2 147.1
133 0 153.9
38 3 154.6
125 1 155.1
4 2 156.9
5 2 167.0
62 0 169.8
82 3 171.8
6 2 176.8
41 3 181.4
104 1 185.4
7 2 186.8
42 3 189.0
14 0 189.9
8 2 196.5
117 0 197.3
43 3 197.7
93 1 197.9
92 1 205.1
81 3 205.9
9 2 205.9
15 0 213.3
10 2 215.5
130 1 215.9
44 3 217.5
16 0 220.5
45 3 224.9
90 1 225.8
131 0 228.9
89 1 232.8
56 2 233.9
71 3 236.2
17 0 241.4
55 2 243.1
72 3 243.7
18 0 249.4
73 3 251.0
53 2 255.2
19 0 256.8
74 3 258.9
20 0 264.4
80 3 267.5
133 1 272.2
21 0 274.7
75 3 278.3
22 0 282.9
76 3 285.9
48 2 286.0
50 1 288.9
23 0 291.3
77 3 293.4
49 2 294.5
24 0 299.3
78 3 301.0
25 0 307.1
66 1 316.9
79 3 318.3
67 1 323.3
26 0 323.9
133 2 330.7
27 0 331.3
65 1 342.9
28 0 347.2
29 0 355.4
