87 1 64.6
1 0 66.0
80 2 68.2
9 3 71.1
2 0 73.1
33 1 74.1
8 3 79.3
73 2 79.8
3 0 81.7
31 1 84.6
72 2 88.8
4 0 90.2
56 3 90.9
12 1 94.5
71 2 98.0
55 3 98.5
5 0 98.6
11 1 101.7
6 0 107.1
53 3 109.5
132 1 111.7
69 2 115.5
70 2 125.0
7 0 125.3
14 1 129.1
85 3 133.3
15 1 135.6
1 2 137.8
16 1 142.0
11 0 144.6
133 3 149.7
3 2 150.0
12 0 156.1
62 3 159.6
4 2 160.1
113 1 162.8
13 0 164.7
5 2 169.8
112 1 171.8
6 2 179.7
29 3 183.5
125 1 184.9
7 2 189.6
88 3 194.9
35 0 198.3
8 2 199.5
27 3 205.5
36 0 205.9
9 2 208.9
26 3 213.0
37 0 213.5
10 2 218.5
79 0 222.0
25 3 223.8
133 1 232.6
78 0 233.2
23 3 240.5
41 0 244.0
89 3 252.1
38 1 254.0
82 0 258.1
90 3 259.6
50 2 260.6
91 3 267.6
83 0 269.8
43 1 272.5
130 3 276.3
84 0 276.7
44 1 279.8
65 2 280.6
86 0 284.9
45 1 286.1
92 3 288.9
46 1 292.9
93 3 297.0
47 1 299.6
84 2 304.2
48 1 305.5
94 3 305.7
49 1 311.9
83 2 312.3
65 0 313.2
95 3 313.5
96 3 320.8
40 2 323.3
66 1 323.9
50 0 325.4
97 3 328.9
67 1 330.1
82 2 331.8
98 3 339.2
67 0 342.2
81 1 348.3
86 2 349.3
66 0 349.5
99 3 356.2
100 3 364.4
76 1 365.5
58 2 370.1
75 1 371.9
101 3 372.0
59 2 379.0
102 3 380.1
60 2 388.7
38 0 391.0
103 3 391.2
61 2 400.6
104 3 408.6
105 3 416.0
123 1 432.9
60 0 435.1
108 3 443.9
61 0 445.8
17 2 446.8
109 3 452.1
18 1 458.0
131 2 460.4
110 3 460.4
19 1 464.5
111 3 468.8
21 1 475.5
22 1 482.5
124 2 485.3
131 0 487.8
118 3 488.9
119 3 495.6
120 3 502.7
18 0 504.1
19 0 511.4
122 3 513.5
20 0 518.7
126 1 524.8
21 0 528.9
127 2 531.7
126 3 534.5
22 0 537.2
129 1 538.5
128 2 541.1
127 3 542.2
23 0 545.6
