64 0 26.9
24 1 27.8
63 0 32.6
23 1 34.8
65 0 46.2
26 1 49.5
27 1 56.3
50 0 57.7
28 1 63.2
48 0 68.2
49 0 74.5
29 1 75.0
30 1 81.9
66 0 87.8
62 1 90.5
67 0 94.3
58 1 100.1
59 1 106.8
44 0 108.8
60 1 113.8
81 0 119.4
61 1 122.9
41 0 133.6
133 1 135.5
53 1 144.7
38 0 152.7
55 1 157.3
56 1 164.0
8 1 174.1
9 1 181.0
10 1 188.2
89 0 199.4
11 1 200.3
90 0 206.6
12 1 207.6
91 0 213.9
13 1 215.1
92 0 222.0
14 1 222.5
93 0 229.6
15 1 229.7
16 1 236.3
94 0 237.7
17 1 244.0
95 0 244.9
18 1 251.3
96 0 251.7
19 1 258.1
99 0 264.7
21 1 268.7
100 0 272.4
101 0 279.4
102 0 286.7
25 1 287.5
103 0 296.7
131 1 303.2
117 1 316.4
130 0 328.0
124 1 328.5
125 1 340.7
113 1 349.8
112 1 358.7
110 1 369.2
109 1 376.0
108 1 383.7
79 0 385.4
126 1 393.7
78 0 396.2
127 1 400.6
128 1 407.8
76 0 411.1
129 1 416.4
75 0 418.1
80 0 428.4
106 1 429.6
104 1 438.0
73 0 438.9
72 0 445.7
71 0 452.6
97 1 453.8
98 1 462.6
69 0 464.0
70 0 471.4
1 0 483.2
122 1 485.8
3 0 494.0
120 1 495.7
4 0 501.7
123 1 504.6
5 0 509.4
118 1 514.0
6 0 517.3
7 0 525.3
31 1 529.2
33 1 539.9
34 1 546.3
87 1 554.7
35 1 564.3
36 1 571.1
37 1 578.3
83 0 586.1
86 1 592.3
84 0 592.4
