87 1 61.9
80 2 64.0
1 0 64.1
9 3 67.2
33 1 71.2
2 0 71.3
8 3 75.4
73 2 75.8
3 0 79.7
31 1 81.9
72 2 84.7
56 3 87.0
4 0 88.3
12 1 91.6
71 2 93.8
55 3 94.5
5 0 96.6
11 1 98.8
6 0 105.0
53 3 105.6
132 1 108.9
69 2 111.3
70 2 120.8
7 0 121.6
14 1 126.3
85 3 129.0
15 1 132.8
1 2 133.9
16 1 139.2
11 0 140.8
133 3 145.5
3 2 145.9
12 0 151.9
62 3 155.5
4 2 155.8
113 1 159.9
13 0 160.2
5 2 165.7
6 2 175.4
29 0 180.2
126 1 184.8
7 2 185.5
88 0 191.4
127 1 191.6
89 3 192.0
8 2 195.2
128 1 198.3
90 3 199.7
27 0 202.2
9 2 204.7
129 1 206.9
91 3 207.5
26 0 209.8
10 2 214.3
92 3 216.3
106 1 219.9
25 0 220.3
93 3 224.4
122 1 231.8
56 2 232.2
94 3 233.1
131 0 235.6
95 3 240.6
120 1 241.1
55 2 241.4
96 3 248.0
53 2 253.4
116 0 256.1
99 3 262.3
63 2 264.5
124 0 267.4
100 3 270.3
35 1 270.9
64 2 272.8
36 1 277.5
101 3 277.9
125 0 282.6
37 1 284.3
102 3 285.7
65 2 289.3
38 1 290.7
103 3 296.4
39 1 296.8
112 0 299.0
50 2 302.5
83 1 303.1
84 1 309.2
110 0 310.9
48 2 314.6
109 0 319.2
49 2 323.2
108 0 327.4
50 1 328.8
133 2 362.7
79 1 366.5
18 0 374.1
78 1 375.7
19 0 381.5
41 1 384.7
20 0 389.3
21 0 400.5
22 0 408.7
