29 2 33.8
28 2 42.8
12 1 43.1
13 1 49.8
27 2 51.8
14 1 56.7
8 0 57.5
15 1 63.6
25 2 64.7
9 0 65.0
16 1 70.2
11 0 72.1
26 2 74.3
17 1 77.6
129 1 85.1
3 2 87.4
130 1 97.0
4 2 97.3
133 0 98.7
131 1 102.8
5 2 107.1
45 0 108.4
46 0 115.8
6 2 116.8
132 1 117.9
47 0 123.3
42 1 126.2
7 2 127.1
48 0 133.7
125 1 136.2
39 1 144.7
49 0 150.6
51 2 153.3
36 1 154.4
50 0 158.6
38 1 161.9
104 2 162.3
52 0 168.5
102 2 173.8
34 1 174.1
53 0 176.3
101 2 182.9
32 1 183.1
54 0 185.2
31 1 189.7
55 0 193.2
100 2 194.4
56 0 201.8
122 1 205.8
115 0 209.8
109 2 209.8
119 1 215.5
57 0 221.2
118 1 222.3
81 2 225.5
58 0 229.6
82 2 234.5
59 0 237.9
108 2 243.2
60 0 246.5
83 2 254.1
61 0 255.1
134 1 261.2
84 2 262.7
66 0 263.1
85 2 271.0
68 0 274.6
62 1 278.1
107 2 280.5
69 0 281.9
63 1 284.7
70 0 289.6
64 1 291.5
97 2 295.7
113 0 296.3
65 1 299.9
114 0 303.1
95 2 306.7
71 0 315.6
94 2 315.9
135 1 320.6
112 0 324.3
106 2 328.6
87 1 328.8
88 1 335.3
72 0 336.8
89 1 342.0
73 0 345.1
98 2 349.2
90 1 351.1
74 0 352.4
75 0 359.2
91 1 364.9
105 2 369.4
76 0 371.0
92 1 372.1
110 0 378.2
93 1 379.7
111 0 385.3
116 2 387.8
117 2 396.7
77 0 398.2
78 0 405.6
123 2 406.9
79 0 413.2
121 1 439.8
18 2 442.2
109 0 443.1
124 1 451.9
19 2 452.0
80 0 455.0
20 2 461.0
81 0 462.9
21 2 469.5
133 1 469.5
82 0 470.2
108 0 477.5
45 1 477.7
22 2 482.1
46 1 484.0
83 0 486.9
47 1 490.9
127 2 490.9
84 0 493.7
128 2 499.5
48 1 499.9
85 0 500.5
107 0 508.6
23 2 513.0
49 1 513.3
134 0 519.3
37 2 522.0
52 1 524.4
53 1 531.2
54 1 538.8
62 0 540.4
55 1 546.1
63 0 548.0
38 2 552.5
56 1 553.5
64 0 555.4
65 0 565.3
57 1 565.7
34 2 567.7
58 1 572.9
32 2 579.3
59 1 580.2
60 1 587.6
31 2 588.4
135 0 591.6
87 0 601.3
69 1 605.2
122 2 608.1
88 0 608.5
70 1 611.7
89 0 616.2
113 1 618.1
121 2 620.0
114 1 624.0
90 0 626.6
71 1 634.4
119 2 634.8
112 1 641.9
118 2 643.8
91 0 644.1
72 1 652.3
92 0 652.4
73 1 659.6
93 0 661.1
52 2 662.5
74 1 666.2
106 0 669.7
53 2 671.8
75 1 672.3
94 0 681.5
54 2 681.7
76 1 682.0
110 1 688.5
95 0 689.1
55 2 691.4
111 1 694.8
96 0 696.7
56 2 701.4
97 0 703.6
77 1 705.7
115 2 710.9
78 1 716.6
98 0 719.1
57 2 723.1
79 1 723.2
99 0 727.0
109 1 730.4
58 2 732.9
100 0 734.5
80 1 740.7
59 2 742.8
81 1 747.6
101 0 750.9
60 2 752.7
82 1 754.2
102 0 758.2
61 2 762.7
103 0 765.9
62 2 772.3
105 0 773.8
107 1 779.6
63 2 781.3
104 0 784.8
64 2 790.6
95 1 795.8
116 0 797.5
65 2 801.8
94 1 802.7
117 0 804.6
106 1 812.5
123 0 813.4
66 2 818.3
118 0 825.1
67 2 827.5
119 0 832.7
100 1 834.9
68 2 836.9
120 0 840.4
134 2 846.2
121 0 847.3
105 1 855.1
42 0 856.5
135 2 862.7
43 0 863.2
132 0 871.0
87 2 873.5
123 1 875.2
88 2 882.4
124 0 888.4
89 2 891.5
90 2 903.2
125 0 906.0
18 1 906.0
19 1 913.5
39 0 915.8
20 1 919.8
91 2 920.1
21 1 925.9
36 0 927.9
92 2 929.9
22 1 935.8
38 0 936.1
127 1 942.2
37 0 947.5
128 1 948.7
69 2 955.9
24 0 957.9
23 1 959.5
70 2 965.1
37 1 965.9
25 0 966.5
113 2 973.7
26 0 974.5
24 1 979.6
114 2 982.1
25 1 987.1
26 1 994.2
71 2 995.4
3 1 1004.4
112 2 1005.4
4 1 1011.9
15 0 1016.7
72 2 1018.4
5 1 1019.3
16 0 1024.2
6 1 1026.7
73 2 1028.3
130 0 1031.1
74 2 1037.3
131 0 1037.9
11 1 1041.1
75 2 1045.8
17 0 1050.2
76 2 1058.2
129 0 1059.0
110 2 1067.2
18 0 1071.4
111 2 1075.7
19 0 1079.9
20 0 1087.1
77 2 1089.3
21 0 1094.1
78 2 1098.2
22 0 1105.7
127 0 1112.9
128 0 1120.1
45 2 1130.3
46 2 1139.1
34 0 1146.1
47 2 1148.6
32 0 1156.6
48 2 1160.2
31 0 1164.1
122 0 1184.6
8 2 1188.6
9 2 1197.6
129 2 1233.3
130 2 1248.4
131 2 1256.5
132 2 1274.6
124 2 1286.4
42 2 1297.8
125 2 1310.6
39 2 1321.3
