87 0 52.4
132 1 54.8
63 3 59.0
82 2 60.2
64 3 64.8
9 1 67.4
83 2 72.2
8 1 74.4
84 2 80.1
133 3 80.8
27 0 81.2
56 1 84.2
26 0 88.2
86 2 88.9
62 3 90.4
55 1 91.1
25 0 97.9
31 3 102.7
38 2 103.0
60 1 107.3
131 0 111.9
36 2 113.2
61 1 116.4
29 3 119.0
35 2 121.8
85 1 132.3
120 0 136.5
79 2 140.4
121 0 142.6
89 3 144.5
53 1 145.6
90 3 151.5
78 2 151.9
104 0 153.3
65 1 157.9
91 3 158.9
92 3 166.8
76 2 167.0
50 1 168.1
97 0 172.0
93 3 174.5
75 2 175.4
98 0 181.7
94 3 182.5
80 2 186.9
95 3 189.7
3 1 192.2
96 3 196.6
73 2 198.0
4 1 199.6
106 0 205.3
72 2 206.5
5 1 207.2
99 3 209.6
107 0 211.7
6 1 214.6
71 2 215.0
100 3 217.0
126 0 219.4
101 3 224.0
127 0 226.5
69 2 226.9
102 3 231.3
11 1 232.3
128 0 233.4
70 2 236.0
12 1 239.7
103 3 241.5
129 0 242.8
13 1 247.2
14 1 254.2
15 1 261.6
46 2 263.6
16 1 268.1
123 0 271.2
47 2 272.2
130 3 272.8
117 1 279.0
48 2 280.1
49 2 288.4
124 1 291.0
18 0 300.8
66 2 302.4
125 1 303.6
19 0 307.6
88 3 308.3
67 2 310.5
113 1 312.6
20 0 314.2
112 1 321.8
21 0 323.7
44 2 325.4
33 3 325.8
22 0 331.2
110 1 331.3
34 3 332.6
81 2 336.9
109 1 338.7
23 0 339.1
108 1 346.2
58 3 351.3
41 2 351.8
59 3 358.1
122 1 362.3
