57 0 28.9
15 1 32.4
125 2 32.6
58 0 36.7
16 1 38.9
59 0 43.5
112 2 50.3
120 1 56.8
62 0 61.8
110 2 62.0
121 1 62.8
109 2 71.2
104 1 72.7
31 0 74.3
108 2 80.3
97 1 88.1
29 0 90.7
98 1 97.2
88 0 101.2
93 2 103.6
92 2 112.6
106 1 116.1
33 0 118.7
107 1 122.5
90 2 124.4
34 0 125.4
126 1 129.9
89 2 133.2
87 0 133.5
127 1 136.7
128 1 143.9
35 0 144.3
36 0 151.3
130 2 152.1
37 0 158.5
38 0 165.0
123 1 170.1
39 0 171.4
95 2 172.7
96 2 181.0
79 0 183.5
131 1 191.2
78 0 193.8
100 2 197.2
17 1 201.1
43 0 204.6
101 2 205.7
18 1 208.5
102 2 214.6
19 1 215.3
41 0 215.6
82 0 225.1
103 2 226.1
21 1 226.2
22 1 233.5
83 0 236.2
23 1 241.3
84 0 242.5
24 1 248.6
122 2 249.9
86 0 250.3
26 1 255.7
85 0 260.2
27 1 262.6
118 2 264.6
28 1 269.4
53 0 270.7
117 2 275.1
63 0 280.0
64 0 286.3
12 2 289.4
76 1 297.5
11 2 298.3
65 0 301.6
75 1 304.4
132 2 310.0
50 0 313.2
80 1 313.8
9 2 321.4
73 1 323.2
72 1 329.9
8 2 330.0
71 1 336.7
3 0 343.7
69 1 346.7
4 0 351.5
70 1 354.0
60 2 356.7
5 0 359.3
6 0 367.1
61 2 367.5
7 0 375.3
46 1 377.7
56 0 382.5
47 1 384.6
55 0 389.9
48 1 390.9
49 1 397.4
133 0 399.5
66 1 409.1
67 1 415.5
124 2 419.6
44 1 428.0
25 0 434.6
81 1 437.3
