20 1 27.8
31 0 29.5
19 1 34.6
12 0 40.4
18 1 41.0
11 0 47.9
131 1 53.3
132 0 59.0
25 1 65.1
23 1 74.5
14 0 79.4
15 0 86.2
26 1 88.7
27 1 95.7
16 0 96.2
28 1 102.4
21 0 113.3
35 1 119.2
22 0 120.8
36 1 126.0
89 0 128.0
37 1 133.3
90 0 135.1
79 1 140.6
91 0 142.4
78 1 150.0
130 0 150.3
92 0 161.9
76 1 162.7
75 1 169.4
93 0 169.7
94 0 177.7
80 1 178.9
95 0 184.8
73 1 188.1
96 0 191.5
72 1 194.9
97 0 198.6
71 1 201.7
98 0 208.2
69 1 215.7
70 1 222.8
99 0 223.6
100 0 231.2
3 1 237.4
101 0 238.1
4 1 244.9
102 0 245.4
5 1 252.2
103 0 255.5
6 1 259.9
7 1 267.4
104 0 271.2
8 1 275.0
105 0 278.2
9 1 282.1
106 0 284.8
10 1 289.3
107 0 291.1
126 0 298.7
56 1 303.7
127 0 305.6
55 1 310.6
128 0 312.6
53 1 320.1
129 0 321.7
63 1 328.5
64 1 334.6
108 0 338.1
109 0 345.6
65 1 347.6
110 0 353.2
50 1 358.0
111 0 361.1
48 1 367.5
112 0 368.6
49 1 373.7
113 0 378.3
114 0 384.5
66 1 385.2
67 1 391.9
125 0 392.3
115 0 402.7
44 1 404.2
124 0 410.5
81 1 413.8
116 0 421.4
41 1 426.3
118 0 428.1
119 0 434.5
82 1 434.9
120 0 440.8
83 1 444.7
121 0 446.9
84 1 451.1
85 1 458.3
122 0 461.9
133 1 467.1
58 1 475.0
123 0 477.3
59 1 481.9
60 1 488.9
117 0 492.2
61 1 497.9
29 0 511.0
86 1 518.0
88 0 521.3
38 1 529.9
32 0 536.1
33 0 543.0
87 1 545.4
34 0 549.7
87 0 557.7
62 1 562.3
