10 1 28.2
65 0 31.7
9 1 35.6
8 1 42.5
50 0 43.2
56 1 52.0
48 0 53.6
55 1 59.0
49 0 59.9
53 1 68.4
66 0 73.3
63 1 76.8
64 1 83.1
67 0 90.3
133 1 96.6
85 1 108.2
86 1 117.5
58 0 125.4
83 1 126.1
59 0 132.2
38 1 134.0
60 0 139.2
36 1 142.6
61 0 148.9
35 1 149.5
62 0 164.2
31 0 176.7
89 1 179.6
90 1 186.7
12 0 187.7
91 1 193.9
11 0 195.2
92 1 201.5
132 0 206.3
93 1 208.8
94 1 216.5
95 1 223.7
14 0 226.6
96 1 230.2
117 0 233.5
97 1 237.2
98 1 246.3
124 0 247.6
99 1 259.2
125 0 261.5
100 1 266.7
113 0 271.3
101 1 273.5
102 1 280.9
112 0 281.3
103 1 290.1
110 0 292.1
109 0 299.7
104 1 303.7
108 0 307.4
105 1 310.4
106 1 317.3
107 1 323.6
122 0 327.3
126 1 331.1
120 0 337.5
127 1 338.1
128 1 345.3
123 0 347.3
129 1 354.0
118 0 357.3
15 0 371.9
16 0 378.6
131 0 386.6
17 0 397.8
18 0 405.2
19 0 412.0
20 0 418.7
21 0 428.3
40 1 432.7
22 0 435.8
82 1 439.5
23 0 443.6
41 1 448.1
24 0 451.1
42 1 455.0
25 0 458.0
43 1 462.8
78 1 472.4
26 0 473.1
27 0 479.9
79 1 481.9
28 0 486.9
88 0 494.8
76 1 496.3
75 1 503.3
29 0 505.0
33 0 516.8
73 1 517.5
34 0 523.6
72 1 524.2
71 1 531.1
87 0 532.1
44 1 543.3
81 1 552.9
79 0 555.2
78 0 565.8
46 1 566.8
69 1 578.9
76 0 581.1
70 1 586.0
75 0 587.9
80 0 598.8
3 1 601.1
4 1 608.4
73 0 609.0
72 0 615.8
5 1 616.0
71 0 622.8
6 1 623.5
69 0 639.7
70 0 647.4
1 0 658.8
88 1 668.5
3 0 669.5
4 0 677.2
25 1 684.4
5 0 685.3
6 0 693.1
131 1 697.1
7 0 701.2
15 1 706.3
118 1 719.0
119 1 725.6
120 1 732.9
44 0 739.7
122 1 742.0
81 0 750.8
123 1 755.2
41 0 765.4
82 0 775.1
18 1 779.1
19 1 785.7
21 1 796.6
87 1 828.3
130 0 855.3
126 0 891.2
127 0 898.1
128 0 905.3
129 0 914.9
