126 2 38.5
10 3 38.5
123 1 38.8
1 0 38.9
52 1 54.7
53 1 61.4
132 2 71.2
109 1 75.4
133 2 82.2
22 3 86.8
45 2 93.5
23 3 94.3
104 1 96.7
24 3 101.8
46 2 102.2
102 1 105.7
27 3 109.7
100 0 110.5
47 2 111.4
101 1 112.4
28 3 117.1
48 2 123.0
29 3 124.6
105 1 128.5
81 0 129.6
30 3 132.4
82 0 136.9
31 3 139.9
49 1 143.9
108 0 144.1
32 3 147.3
54 2 152.9
83 0 153.6
33 3 155.2
84 0 160.4
130 1 160.9
55 2 162.5
85 0 167.0
131 1 167.0
56 2 172.5
17 1 177.3
67 0 181.4
115 2 182.1
129 1 184.8
66 0 189.2
57 2 194.2
18 1 195.2
62 0 200.6
19 1 202.5
58 2 204.0
63 0 207.9
20 1 209.2
59 2 213.8
21 1 215.2
64 0 215.4
107 3 221.0
60 2 223.9
65 0 225.3
134 3 231.7
25 1 232.5
61 2 233.9
26 1 239.7
69 3 242.5
3 1 250.0
70 3 250.2
4 1 257.3
71 0 259.0
72 2 260.2
135 3 263.4
5 1 264.8
112 0 267.6
73 2 270.1
6 1 272.2
87 3 273.1
74 2 279.1
7 1 279.8
88 3 280.6
113 0 282.2
12 1 286.7
75 2 287.7
114 0 288.9
13 1 293.6
91 3 295.4
76 2 300.1
92 3 303.6
124 1 307.7
110 2 308.9
93 3 312.1
42 1 316.7
111 2 317.6
89 0 317.8
106 3 320.9
125 1 326.5
90 0 328.1
77 2 331.2
94 3 332.5
39 1 334.8
78 2 340.1
95 3 340.2
36 1 344.8
79 2 349.5
34 1 354.5
97 0 359.6
122 1 364.0
98 0 370.2
121 1 373.1
119 1 384.7
8 2 391.0
118 1 391.4
105 0 395.6
9 2 400.0
11 2 409.1
38 3 410.0
116 0 414.7
37 3 421.4
117 0 421.9
8 1 427.8
118 0 429.9
15 2 434.2
9 1 434.5
127 3 434.6
119 0 437.6
11 1 441.0
128 3 441.9
16 2 443.1
120 0 445.2
121 0 452.1
130 2 452.3
131 2 461.0
25 3 463.8
122 0 467.4
26 3 472.0
17 2 474.0
32 0 478.8
27 1 482.2
129 2 483.9
3 3 484.5
31 0 486.2
28 1 488.7
4 3 492.9
29 1 495.5
18 2 497.1
28 0 500.8
5 3 501.3
30 1 502.2
19 2 507.0
27 0 507.5
31 1 509.0
6 3 509.8
32 1 515.7
20 2 515.9
25 0 519.6
21 2 524.5
26 0 527.8
11 3 528.2
38 1 532.5
22 2 536.9
37 1 542.1
127 2 545.7
127 1 553.1
128 2 554.6
132 3 555.2
8 0 559.9
124 3 566.1
9 0 567.5
11 0 574.9
42 3 576.3
125 3 588.6
39 3 598.1
