31 0 40.3
86 1 42.5
100 2 43.0
12 0 51.2
101 2 51.3
83 1 51.3
11 0 58.8
38 1 59.3
102 2 60.2
79 1 68.4
132 0 69.9
103 2 71.4
78 1 77.6
95 2 89.7
76 1 90.1
14 0 90.1
15 0 96.9
75 1 96.9
96 2 98.1
16 0 103.7
80 1 106.4
97 2 106.8
73 1 115.7
117 0 115.8
98 2 117.6
72 1 122.3
71 1 129.2
124 0 129.7
93 2 133.3
92 2 142.4
69 1 143.1
125 0 143.8
70 1 150.3
113 0 153.4
130 2 154.9
112 0 163.1
3 1 165.0
90 2 166.5
4 1 172.4
110 0 174.0
89 2 175.2
5 1 180.0
109 0 181.6
21 2 186.8
6 1 187.4
108 0 189.2
7 1 195.1
20 2 197.6
126 0 200.5
8 1 202.6
127 0 207.5
18 2 207.7
9 1 209.8
128 0 214.4
10 1 216.9
131 2 222.0
129 0 223.6
56 1 231.2
25 2 236.0
55 1 238.1
106 0 238.3
23 2 247.3
53 1 247.6
120 0 250.4
63 1 256.1
118 0 258.9
64 1 262.3
26 2 264.0
27 2 272.4
123 0 273.8
65 1 275.2
28 2 281.1
50 1 285.5
122 0 288.9
88 2 290.1
48 1 294.9
29 2 301.2
49 1 301.4
104 0 303.0
30 2 309.6
66 1 312.9
100 0 313.2
32 2 317.8
67 1 319.3
101 0 320.4
62 2 326.5
102 0 327.6
44 1 331.9
103 0 337.6
58 2 337.7
81 1 341.3
59 2 346.0
41 1 353.8
60 2 355.0
95 0 356.8
96 0 363.6
61 2 365.9
97 0 370.7
36 1 371.4
35 1 378.1
98 0 380.2
133 2 380.5
87 1 388.2
85 2 391.0
93 0 396.2
33 1 397.5
92 0 403.9
31 1 408.2
130 0 415.8
14 1 417.4
15 1 424.2
90 0 426.7
16 1 430.5
89 0 433.6
125 2 437.2
117 1 441.4
21 0 444.5
113 2 448.0
118 1 450.0
119 1 456.4
106 2 469.2
126 2 483.8
127 2 492.4
128 2 500.9
129 2 511.2
112 2 538.5
12 2 566.2
11 2 575.2
132 2 587.1
118 2 612.7
123 2 624.0
120 2 634.5
121 2 642.3
122 2 651.9
104 2 666.2
124 2 703.2
