20 1 23.8
31 0 26.7
19 1 30.6
18 1 37.0
12 0 37.8
11 0 45.2
131 1 49.3
132 0 56.2
25 1 61.1
23 1 70.5
14 0 76.8
15 0 83.6
26 1 84.8
16 0 90.3
27 1 91.6
28 1 98.4
117 0 102.6
29 1 110.2
124 0 116.4
30 1 117.0
62 1 125.6
125 0 130.3
58 1 134.8
113 0 139.9
59 1 141.7
60 1 148.9
112 0 149.9
61 1 157.9
110 0 160.6
109 0 168.4
133 1 170.7
108 0 176.0
85 1 179.1
126 0 187.3
86 1 188.4
127 0 194.4
83 1 197.2
128 0 201.3
38 1 205.5
129 0 210.5
79 1 214.5
78 1 223.7
106 0 225.2
76 1 236.3
120 0 237.2
75 1 243.1
118 0 245.8
80 1 252.6
123 0 261.1
73 1 262.1
72 1 268.9
71 1 275.6
122 0 276.2
69 1 290.0
104 0 290.3
70 1 297.2
100 0 300.6
101 0 307.7
3 1 311.7
102 0 315.1
4 1 319.1
103 0 325.2
5 1 326.5
6 1 334.2
7 1 342.0
95 0 344.5
8 1 349.4
96 0 351.1
9 1 356.4
97 0 358.3
10 1 363.5
98 0 368.1
56 1 378.2
93 0 384.1
55 1 385.2
92 0 391.8
53 1 394.5
63 1 403.1
130 0 403.8
64 1 409.4
90 0 414.8
89 0 421.9
65 1 422.7
21 0 432.6
50 1 433.1
20 0 442.5
48 1 442.9
49 1 449.1
18 0 451.6
66 1 461.1
131 0 466.2
67 1 467.7
25 0 480.2
44 1 480.5
81 1 490.0
23 0 490.6
41 1 502.9
26 0 507.7
27 0 514.7
36 1 520.8
28 0 521.7
35 1 527.7
88 0 529.4
87 1 537.6
33 1 547.2
