130 0 55.2
125 2 58.7
68 1 58.8
95 3 61.3
90 0 65.8
96 3 68.1
113 2 69.2
69 1 70.1
89 0 72.9
97 3 75.1
70 1 77.4
112 2 80.1
21 0 83.4
98 3 84.8
110 2 91.8
3 1 92.0
20 0 93.2
4 1 99.3
109 2 100.9
5 1 107.0
108 2 110.0
6 1 114.4
7 1 122.2
106 3 123.2
107 3 128.9
8 1 129.6
126 3 136.2
9 1 136.8
99 0 141.1
127 3 143.1
10 1 144.0
100 0 148.6
128 3 150.0
35 2 152.8
101 0 155.7
56 1 158.3
129 3 159.3
36 2 161.5
102 0 163.0
55 1 165.3
37 2 170.1
103 0 172.9
53 1 174.7
38 2 178.2
122 3 183.6
39 2 186.3
83 1 191.8
120 3 193.6
79 2 199.1
123 3 203.3
76 1 210.7
23 0 212.5
118 3 213.0
78 2 215.0
75 1 217.1
24 0 220.2
117 3 222.3
80 1 226.3
25 0 227.1
73 2 232.0
72 2 240.5
26 0 241.9
27 0 248.8
71 2 249.0
28 0 255.9
44 2 262.4
86 1 265.3
29 0 265.8
30 0 272.8
12 3 273.4
81 2 273.7
32 0 278.9
11 3 280.9
33 0 285.9
132 3 291.9
34 0 292.5
46 1 293.2
87 0 300.5
48 1 301.3
52 2 306.2
49 1 307.8
15 3 314.9
62 0 316.9
65 2 318.4
50 1 318.6
16 3 321.7
51 1 326.2
133 0 326.5
85 0 337.3
66 2 344.1
124 3 350.1
67 2 352.2
58 0 360.1
59 0 367.0
60 0 374.1
17 3 375.3
18 3 382.5
19 3 389.5
61 2 392.4
131 3 406.6
