39 0 54.4
57 3 54.5
81 1 56.5
1 2 60.3
58 3 61.3
38 0 65.9
59 3 67.9
2 2 68.5
41 1 73.4
60 3 75.0
87 0 84.6
61 3 84.9
83 1 87.5
84 1 93.7
33 0 95.4
85 1 101.0
31 0 107.7
14 2 110.8
8 3 113.9
86 1 114.4
15 2 119.7
9 3 121.2
29 0 124.2
16 2 127.9
10 3 128.6
36 1 130.1
11 3 136.7
35 1 136.9
17 2 137.5
12 3 144.3
18 2 146.8
89 0 149.9
13 3 152.1
79 1 153.3
19 2 155.2
90 0 157.0
78 1 163.1
91 0 164.4
21 2 167.8
92 0 172.7
113 3 174.3
76 1 176.0
22 2 176.7
93 0 180.2
75 1 182.7
112 3 184.0
23 2 186.2
94 0 188.3
24 2 195.0
95 0 195.8
73 1 197.1
125 3 199.2
96 0 202.6
26 2 203.9
72 1 204.0
71 1 210.7
27 2 212.4
99 0 215.8
28 2 220.8
120 3 220.8
100 0 223.6
69 1 225.2
121 3 226.7
101 0 230.6
70 1 232.6
25 2 236.4
104 3 237.9
102 0 238.3
3 1 247.7
103 0 248.4
131 2 250.9
4 1 255.0
97 3 256.8
5 1 262.7
117 2 266.3
98 3 266.8
6 1 270.1
7 1 277.8
130 0 279.8
124 2 280.9
56 1 285.3
106 3 290.4
55 1 292.4
107 3 296.8
110 2 299.4
53 1 302.3
126 3 304.5
109 2 308.4
63 1 310.7
127 3 311.6
88 0 315.3
64 1 317.0
108 2 317.4
128 3 318.7
129 3 328.4
65 1 330.4
62 0 333.3
122 2 336.7
50 1 340.9
133 0 343.4
48 1 350.9
118 2 351.4
123 3 356.5
49 1 356.9
66 1 369.4
