132 1 60.6
63 3 62.8
87 0 63.3
82 2 66.5
64 3 68.9
11 1 69.9
33 0 73.4
39 2 77.0
12 1 77.2
65 3 84.0
13 1 84.8
38 2 84.8
36 2 95.1
50 3 95.5
31 0 96.9
14 1 99.2
35 2 103.8
117 1 105.9
48 3 105.9
49 3 112.4
87 2 115.7
124 1 117.9
66 3 125.6
33 2 127.1
125 1 130.2
89 0 130.7
67 3 132.1
90 0 137.7
113 1 139.1
31 2 139.6
91 0 145.1
44 3 146.8
112 1 148.0
12 2 151.2
92 0 153.1
81 3 157.5
110 1 157.8
11 2 160.3
93 0 160.6
109 1 165.1
94 0 168.6
41 3 171.7
132 2 172.0
108 1 172.4
95 0 175.9
82 3 181.3
126 1 182.5
96 0 182.5
127 1 189.4
14 2 191.3
38 3 192.0
99 0 195.6
128 1 196.4
15 2 199.9
36 3 201.2
100 0 203.0
16 2 208.2
35 3 208.2
101 0 210.1
106 1 212.7
102 0 217.3
87 3 219.3
117 2 220.9
104 1 221.2
103 0 227.3
33 3 229.9
124 2 235.0
97 1 236.6
31 3 241.8
98 1 245.6
125 2 249.8
12 3 252.7
130 0 258.6
11 3 260.2
122 1 268.0
110 2 268.2
9 3 271.4
120 1 277.1
109 2 277.3
8 3 278.6
123 1 286.0
108 2 286.5
56 3 289.3
118 1 295.2
55 3 296.5
126 2 298.5
53 3 306.7
127 2 307.0
15 1 307.6
16 1 314.2
35 0 315.5
128 2 315.6
131 1 321.6
133 3 321.7
36 0 322.5
129 2 326.0
37 0 329.8
62 3 331.1
17 1 331.6
79 0 337.4
18 1 338.8
106 2 340.8
29 3 343.3
19 1 345.3
78 0 347.6
27 3 353.2
122 2 354.7
21 1 356.0
26 3 360.2
76 0 362.5
22 1 363.1
104 2 369.1
75 0 369.4
25 3 369.9
23 1 370.8
24 1 378.0
80 0 379.8
93 2 383.4
25 1 384.8
73 0 390.0
92 2 392.5
72 0 396.7
26 1 397.4
113 3 400.3
71 0 403.6
27 1 404.1
130 2 405.0
112 3 410.1
28 1 411.1
69 0 414.8
90 2 416.7
88 1 418.5
70 0 422.2
89 2 425.3
29 1 427.7
118 3 431.5
1 0 433.5
30 1 434.6
119 3 437.8
62 1 443.2
120 3 444.0
121 3 450.0
58 1 452.5
46 0 456.8
59 1 459.2
123 3 461.9
47 0 463.2
60 1 466.4
79 2 466.5
48 0 469.6
61 1 475.1
49 0 476.2
76 2 478.0
75 2 486.5
133 1 487.6
131 3 488.2
66 0 489.5
67 0 496.0
85 1 496.2
80 2 497.9
18 3 502.2
73 2 508.8
19 3 509.1
53 1 509.4
44 0 510.6
20 3 515.8
72 2 517.2
63 1 517.8
81 0 523.4
64 1 523.9
21 3 525.0
71 2 525.8
22 3 532.7
65 1 536.9
23 3 540.4
83 0 545.1
84 0 551.5
86 0 558.7
88 3 559.7
