86 1 38.8
100 2 41.5
101 2 49.9
31 0 50.0
83 1 53.5
102 2 58.7
14 0 60.0
38 1 61.7
15 0 66.6
103 2 69.8
79 1 70.5
16 0 73.5
78 1 79.8
117 0 85.6
95 2 88.3
76 1 92.5
96 2 96.6
75 1 99.2
124 0 99.3
97 2 105.2
80 1 108.6
125 0 113.4
98 2 116.1
73 1 117.8
113 0 122.9
72 1 124.7
71 1 131.5
93 2 131.9
112 0 132.7
92 2 140.9
110 0 143.6
69 1 145.5
109 0 151.3
70 1 152.7
130 2 153.4
108 0 158.9
90 2 165.1
3 1 167.2
126 0 170.2
89 2 173.6
4 1 174.6
127 0 177.1
5 1 182.0
128 0 184.1
21 2 185.3
6 1 189.6
129 0 193.3
20 2 196.0
7 1 197.3
56 1 204.7
18 2 206.2
106 0 208.0
55 1 211.7
104 0 217.4
131 2 220.6
53 1 221.1
63 1 229.4
93 0 231.4
25 2 234.6
64 1 235.6
92 0 239.0
23 2 245.9
65 1 248.6
90 0 250.2
89 0 257.3
50 1 258.8
48 1 268.4
49 1 274.7
118 2 277.8
119 2 285.9
66 1 286.2
67 1 292.9
123 2 295.2
122 0 300.9
44 1 305.3
120 0 310.8
81 1 314.6
9 2 325.7
41 1 327.1
8 2 334.5
36 1 344.5
35 1 351.3
60 0 352.5
132 2 354.0
87 1 361.3
61 0 362.1
33 1 370.8
56 2 373.5
62 1 379.8
55 2 382.1
133 2 393.1
88 0 393.8
30 1 393.9
29 1 400.0
27 0 403.7
85 2 406.6
26 0 410.6
