123 1 44.4
1 0 44.8
126 2 45.6
10 3 45.9
2 0 51.8
118 1 54.2
11 3 55.9
29 2 57.4
3 0 60.6
119 1 60.9
8 3 65.9
28 2 66.4
120 1 67.7
4 0 69.0
121 1 74.0
27 2 75.5
12 3 77.4
5 0 77.5
13 3 85.2
6 0 86.1
122 1 86.6
25 2 88.3
14 3 92.9
7 0 94.8
32 1 96.2
26 2 97.8
15 3 100.8
31 1 102.8
8 0 102.9
16 3 108.3
9 0 110.4
126 1 112.5
130 3 115.2
3 2 116.3
10 0 117.9
29 1 121.6
131 3 122.0
4 2 126.3
11 0 128.0
28 1 128.3
17 3 134.5
27 1 134.9
5 2 136.1
25 1 145.1
12 0 145.1
6 2 147.7
26 1 152.2
13 0 152.9
7 2 156.4
14 0 160.7
3 1 167.4
42 0 174.2
4 1 174.7
18 2 182.7
5 1 183.0
57 3 186.4
6 1 189.6
39 0 191.8
19 2 192.6
58 3 194.9
7 1 197.2
59 3 203.3
36 0 203.8
132 1 211.6
60 3 211.9
38 0 212.4
61 3 220.7
45 2 220.8
133 1 225.1
34 0 227.4
62 3 228.6
46 2 229.6
49 1 233.7
63 3 236.2
32 0 238.1
47 2 239.1
50 1 240.5
64 3 243.7
31 0 245.5
52 1 249.4
48 2 250.5
65 3 253.9
53 1 256.2
122 0 266.4
66 3 271.1
81 1 273.5
