24 0 39.9
81 1 40.9
23 0 47.1
41 1 53.2
26 0 64.2
38 1 66.6
27 0 71.1
36 1 75.3
28 0 78.3
35 1 82.2
88 0 85.9
87 1 92.1
29 0 105.5
79 1 112.0
30 0 112.4
32 0 118.8
76 1 121.6
33 0 125.5
75 1 128.3
34 0 132.2
80 1 137.8
62 0 144.9
73 1 147.0
72 1 153.7
133 0 154.5
71 1 160.5
53 0 163.5
69 1 174.6
85 0 179.7
70 1 181.8
83 0 188.8
3 1 196.4
86 0 202.6
4 1 203.7
5 1 211.4
6 1 218.8
58 0 222.8
7 1 226.6
59 0 229.5
8 1 234.0
9 1 241.2
10 1 248.4
31 0 250.5
11 1 256.0
14 0 260.7
12 1 263.2
15 0 267.4
13 1 270.7
16 0 274.0
131 0 281.6
113 1 288.6
17 0 292.9
25 0 299.7
106 1 307.1
18 0 314.9
104 1 315.7
19 0 321.6
20 0 328.2
97 1 331.2
21 0 337.6
98 1 340.2
89 0 348.2
90 0 355.3
91 0 362.6
126 1 368.0
130 0 370.5
127 1 375.0
128 1 382.0
92 0 382.0
93 0 389.8
94 0 397.7
95 0 404.8
112 1 409.4
96 0 411.7
125 1 422.2
99 0 424.6
100 0 432.0
101 0 439.1
102 0 446.4
132 1 450.9
103 0 456.3
56 1 467.0
55 1 473.9
108 0 483.3
60 1 490.4
109 0 490.9
110 0 498.5
61 1 499.3
111 0 506.4
115 0 518.2
63 1 518.8
64 1 525.1
124 0 525.9
116 0 536.9
65 1 538.0
118 0 543.5
50 1 548.4
119 0 550.0
120 0 556.3
48 1 557.8
121 0 562.3
49 1 564.1
66 1 575.8
122 0 577.2
67 1 582.1
123 0 592.7
44 1 594.7
78 1 606.3
117 0 607.6
