125 2 40.5
57 0 41.8
58 0 48.5
15 1 49.4
59 0 55.1
16 1 56.0
60 0 62.3
120 2 63.1
131 1 63.5
121 2 70.7
61 0 71.7
17 1 73.4
18 1 80.7
104 2 82.3
133 0 86.2
19 1 87.2
85 0 95.4
93 2 96.6
21 1 97.9
22 1 105.1
92 2 105.5
86 0 105.7
23 1 112.6
83 0 114.9
90 2 117.5
24 1 119.9
38 0 123.5
89 2 126.0
25 1 126.7
79 0 133.1
26 1 139.2
78 0 143.3
130 2 145.1
27 1 146.1
28 1 153.0
76 0 158.3
88 1 160.4
75 0 165.2
95 2 165.6
29 1 169.6
96 2 173.8
80 0 175.5
30 1 176.4
97 2 182.5
33 1 184.9
73 0 185.6
34 1 191.5
72 0 192.4
98 2 193.4
71 0 199.4
62 1 208.1
100 2 211.4
69 0 215.8
58 1 217.2
101 2 220.0
70 0 223.4
59 1 224.1
102 2 228.8
1 0 234.5
133 1 234.8
103 2 239.9
85 1 243.2
3 0 245.0
4 0 252.9
53 1 256.2
106 2 259.7
5 0 260.7
63 1 264.9
107 2 267.6
6 0 268.5
64 1 271.0
7 0 276.6
126 2 276.7
65 1 284.0
8 0 284.3
127 2 285.3
9 0 291.6
128 2 293.8
50 1 294.2
10 0 298.9
48 1 303.9
129 2 304.3
49 1 310.1
56 0 315.9
66 1 321.7
55 0 323.2
67 1 328.2
123 2 329.9
53 0 333.4
44 1 340.7
63 0 342.5
64 0 348.7
81 1 350.3
35 2 362.4
65 0 364.0
76 1 366.2
36 2 371.1
75 1 373.0
50 0 375.5
37 2 379.8
80 1 382.4
48 0 386.0
38 2 388.0
73 1 391.6
49 0 392.5
39 2 395.9
72 1 398.5
83 2 404.2
71 1 405.3
66 0 405.7
84 2 412.1
67 0 412.2
60 2 433.3
61 2 444.1
31 0 455.9
122 1 459.2
14 0 465.9
86 2 467.4
117 0 472.7
108 1 475.4
40 2 481.7
109 1 482.8
82 2 489.7
118 0 489.7
110 1 490.0
119 0 496.1
111 1 497.7
41 2 500.0
123 0 505.9
115 1 508.2
42 2 508.6
124 1 515.8
43 2 518.0
78 2 529.5
104 1 538.0
79 2 540.7
35 0 542.6
93 1 550.1
36 0 552.1
92 1 557.5
90 1 567.3
12 2 570.7
89 1 574.3
11 2 579.6
130 1 590.8
132 2 591.4
95 1 608.5
96 1 615.0
97 1 622.3
112 2 627.1
98 1 631.2
100 1 646.7
101 1 653.5
102 1 660.7
103 1 670.1
126 1 691.1
127 1 698.0
128 1 705.0
129 1 713.7
