102 0 23.6
61 1 30.2
103 0 33.2
58 1 38.8
100 0 43.1
57 1 45.6
133 1 52.3
95 0 56.6
85 1 60.7
96 0 63.3
86 1 69.9
97 0 70.5
83 1 78.6
98 0 80.1
38 1 86.5
79 1 95.5
93 0 96.4
92 0 104.1
78 1 105.1
130 0 116.2
76 1 117.9
75 1 124.5
90 0 126.9
89 0 133.9
80 1 134.1
73 1 143.4
21 0 144.6
72 1 150.2
20 0 154.6
71 1 157.0
18 0 163.5
69 1 171.0
131 0 178.2
70 1 178.3
25 0 192.1
3 1 193.5
4 1 200.7
23 0 202.7
5 1 208.1
6 1 215.7
26 0 220.5
7 1 223.6
27 0 227.3
8 1 231.7
28 0 234.5
9 1 238.5
88 0 242.4
10 1 245.7
29 0 253.3
30 0 260.2
56 1 261.1
32 0 267.2
55 1 267.9
62 0 285.7
