63 2 47.3
61 0 48.7
82 1 52.2
64 2 54.6
58 0 58.1
39 1 60.7
57 0 65.1
38 1 66.9
65 2 69.8
133 0 71.6
36 1 75.5
85 0 80.7
50 2 82.1
35 1 82.4
48 2 93.5
86 0 94.0
87 1 95.6
49 2 101.5
33 1 105.0
41 0 110.8
62 1 113.9
66 2 115.2
42 0 122.3
67 2 123.3
83 1 130.2
43 0 130.3
78 0 140.7
76 0 150.4
75 0 157.2
8 1 157.8
9 1 164.8
80 0 167.6
10 1 172.0
124 2 176.2
73 0 177.8
11 1 184.0
72 0 184.7
12 1 191.2
71 0 191.5
110 2 194.1
13 1 198.7
109 2 203.3
44 0 204.3
14 1 205.5
108 2 212.3
117 1 212.6
81 0 214.8
126 2 224.4
113 1 226.4
46 0 230.9
127 2 232.8
112 1 235.3
128 2 241.4
69 0 244.5
125 1 248.1
70 0 251.9
129 2 251.9
1 0 263.2
15 1 266.6
106 2 266.8
16 1 272.9
3 0 273.6
104 2 277.2
131 1 280.4
4 0 281.4
5 0 289.3
17 1 290.5
97 2 294.9
6 0 297.0
18 1 297.6
19 1 304.4
7 0 305.1
98 2 305.5
56 0 312.5
21 1 314.7
55 0 319.8
22 1 322.2
89 1 329.3
53 0 330.0
122 2 331.4
90 1 336.2
120 2 342.6
91 1 343.3
62 0 350.3
92 1 351.0
123 2 353.1
93 1 358.3
31 0 362.7
118 2 364.0
94 1 365.9
95 1 373.2
15 0 379.2
96 1 379.8
16 0 385.5
99 1 391.3
100 1 398.5
79 2 399.6
101 1 405.6
102 1 412.8
29 0 417.2
103 1 421.9
88 0 427.6
29 2 430.0
88 2 441.2
130 1 446.5
28 2 450.5
27 2 458.6
79 0 459.9
23 1 462.9
26 2 467.0
24 1 472.0
