124 2 43.9
63 1 44.7
48 0 46.5
64 1 50.5
49 0 52.7
125 2 58.2
65 1 63.9
66 0 66.2
113 2 69.2
50 1 74.3
112 2 80.6
110 2 92.5
67 0 93.7
68 1 99.3
109 2 101.7
69 1 107.3
50 0 108.7
108 2 110.9
70 1 114.6
51 0 116.5
126 2 123.4
3 1 129.9
127 2 131.9
4 1 137.4
128 2 140.9
60 0 143.4
5 1 144.9
129 2 151.7
6 1 152.2
61 0 153.3
7 1 160.1
106 2 167.5
56 1 167.7
53 1 179.7
120 2 180.7
8 0 182.7
9 0 190.1
54 1 190.8
118 2 191.1
10 0 197.5
133 1 197.5
11 0 205.4
123 2 206.2
58 1 206.7
12 0 212.9
59 1 213.3
13 0 221.0
122 2 222.0
62 1 224.8
31 1 236.4
104 2 236.5
113 0 243.2
14 1 245.9
100 2 248.3
117 1 253.0
112 0 253.3
101 2 256.9
124 1 265.8
102 2 265.9
125 0 268.4
110 1 281.7
109 1 289.1
120 0 289.8
95 2 289.9
121 0 295.8
108 1 296.3
96 2 298.2
97 2 307.2
104 0 309.5
98 2 317.9
93 0 323.9
29 1 329.1
92 0 331.5
88 1 338.7
130 0 343.7
33 1 353.7
90 0 354.7
34 1 360.2
89 0 361.8
35 1 367.6
23 0 372.4
36 1 374.5
24 0 380.1
37 1 381.7
43 2 385.0
26 0 387.5
38 1 388.3
81 2 394.3
27 0 394.4
39 1 394.8
28 0 401.4
83 1 401.6
44 2 406.4
84 1 407.8
45 2 414.6
85 1 415.5
25 0 417.0
71 2 425.9
86 1 428.9
131 0 431.5
72 2 434.4
40 1 441.1
15 0 442.1
73 2 442.9
82 1 448.0
74 2 451.5
41 1 456.5
80 2 460.7
42 1 463.5
132 0 465.5
78 1 470.8
75 2 471.9
79 1 480.2
76 2 480.3
87 1 497.1
18 0 498.3
19 0 505.1
20 0 512.0
27 1 516.3
21 0 521.2
26 2 523.7
