57 0 26.8
45 1 27.8
58 0 33.6
44 1 34.6
59 0 40.3
81 1 44.0
60 0 47.2
41 1 56.4
61 0 56.8
38 1 69.9
133 0 71.4
36 1 78.6
85 0 80.6
35 1 85.4
83 1 104.2
63 0 107.7
84 1 110.7
64 0 113.8
53 1 122.2
65 0 129.6
86 1 139.8
50 0 141.2
48 0 151.8
79 1 155.9
49 0 158.2
78 1 165.2
69 0 178.8
46 1 181.3
70 0 186.3
66 1 187.9
67 1 194.4
1 0 197.7
68 1 207.4
3 0 208.2
71 1 214.5
4 0 216.0
72 1 221.4
5 0 223.9
73 1 228.1
6 0 231.7
74 1 235.2
7 0 239.8
80 1 242.8
8 0 247.6
75 1 252.3
9 0 254.8
76 1 258.9
10 0 262.3
132 0 269.7
87 1 280.5
11 0 280.6
12 0 288.1
33 1 290.2
13 0 296.0
29 1 300.9
14 0 303.1
15 0 310.1
88 1 310.3
16 0 316.9
27 1 319.7
26 1 326.3
25 1 335.4
89 0 339.8
90 0 346.8
131 1 347.8
91 0 354.3
92 0 362.4
124 1 368.4
93 0 369.9
94 0 377.9
110 1 384.1
95 0 385.3
109 1 391.6
96 0 392.1
108 1 398.8
99 0 405.2
126 1 409.2
100 0 412.7
127 1 416.0
101 0 419.7
128 1 423.1
102 0 427.2
103 0 437.5
106 1 439.4
104 1 448.2
97 1 463.6
130 0 468.8
98 1 472.9
122 1 495.5
120 1 505.2
117 0 509.2
123 1 514.2
118 1 523.6
113 0 525.8
112 0 535.6
18 1 543.0
19 1 549.7
125 0 550.9
21 1 560.4
22 1 567.7
23 1 575.5
31 0 576.7
32 0 586.3
62 0 594.0
55 1 605.1
56 1 612.0
