121 0 24.6
132 1 25.2
120 0 33.3
56 1 43.4
55 1 50.4
123 0 54.4
53 1 59.7
118 0 64.3
63 1 68.3
117 0 73.6
64 1 74.6
12 0 86.9
65 1 87.4
11 0 94.4
50 1 97.8
132 0 105.6
48 1 107.5
49 1 113.6
9 0 116.0
8 0 123.3
66 1 126.0
67 1 132.3
45 1 143.6
44 1 150.2
60 0 153.0
81 1 160.1
61 0 162.6
41 1 173.1
38 1 187.1
36 1 195.9
35 1 202.8
87 1 212.8
15 0 214.6
16 0 221.1
33 1 222.7
31 1 233.9
124 0 243.4
131 1 249.4
125 0 258.1
17 1 260.0
18 1 267.4
113 0 268.5
19 1 274.2
112 0 278.2
21 1 285.1
110 0 289.7
22 1 292.3
109 0 297.3
23 1 300.2
108 0 304.9
24 1 307.2
25 1 314.3
126 0 316.3
127 0 323.5
26 1 327.0
128 0 330.5
27 1 333.7
129 0 340.0
28 1 340.8
29 1 353.2
106 0 355.6
62 1 363.8
104 0 364.8
58 1 373.5
93 0 379.5
59 1 380.3
92 0 387.1
133 1 391.4
90 0 398.3
85 1 400.0
89 0 405.5
86 1 409.4
83 1 418.3
130 0 425.5
79 1 430.6
78 1 440.3
95 0 447.7
76 1 453.0
96 0 454.5
75 1 459.7
97 0 461.7
80 1 469.4
98 0 471.7
73 1 478.6
72 1 485.7
100 0 490.5
71 1 492.5
101 0 497.5
102 0 504.8
69 1 506.7
70 1 514.1
103 0 515.2
3 1 529.0
4 1 536.3
5 1 544.0
6 1 551.5
