22 0 21.4
21 0 28.7
20 0 38.3
18 0 47.5
131 0 62.6
25 0 76.7
23 0 87.4
26 0 104.7
27 0 111.6
28 0 118.7
88 0 126.4
29 0 136.8
30 0 143.7
32 0 150.5
62 0 158.1
58 0 168.7
59 0 175.7
60 0 183.0
61 0 192.7
133 0 207.9
85 0 217.3
86 0 228.2
83 0 237.9
38 0 246.8
79 0 256.7
78 0 267.7
76 0 282.9
75 0 289.8
80 0 300.6
73 0 311.2
72 0 318.0
71 0 324.7
69 0 342.0
70 0 349.6
1 0 361.2
3 0 372.1
4 0 380.1
5 0 387.7
6 0 395.7
7 0 403.7
8 0 411.8
9 0 419.0
10 0 426.4
56 0 443.8
55 0 450.9
53 0 461.6
63 0 471.2
64 0 477.4
65 0 493.9
50 0 506.2
48 0 517.1
49 0 523.3
66 0 537.3
67 0 543.7
44 0 559.0
81 0 569.9
41 0 584.9
82 0 594.5
36 0 611.1
35 0 618.1
87 0 629.3
33 0 640.3
31 0 652.4
12 0 663.6
11 0 671.3
132 0 682.5
14 0 703.6
15 0 710.8
117 0 725.8
124 0 740.2
125 0 754.9
113 0 765.0
112 0 775.2
110 0 786.5
109 0 793.9
108 0 801.6
126 0 813.0
127 0 820.1
128 0 827.1
129 0 836.8
106 0 852.0
120 0 864.4
118 0 874.0
123 0 889.2
122 0 904.5
104 0 919.0
100 0 929.7
101 0 936.8
102 0 944.5
103 0 954.7
95 0 974.5
96 0 981.3
97 0 988.6
98 0 998.5
93 0 1015.0
92 0 1022.5
130 0 1034.9
90 0 1046.0
89 0 1053.1
