31 0 36.9
86 1 39.4
100 2 40.8
12 0 47.8
83 1 48.2
101 2 49.2
11 0 55.3
38 1 56.1
102 2 58.1
79 1 65.1
132 0 66.5
103 2 69.1
78 1 74.4
14 0 86.8
76 1 86.9
95 2 87.6
15 0 93.5
75 1 93.8
96 2 95.9
16 0 100.3
80 1 103.1
97 2 104.6
117 0 112.5
73 1 112.6
98 2 115.4
72 1 119.1
71 1 125.9
124 0 126.2
93 2 131.1
69 1 139.9
92 2 140.2
125 0 140.4
70 1 147.1
113 0 149.9
130 2 152.7
112 0 159.7
3 1 161.7
90 2 164.3
4 1 169.2
110 0 170.6
89 2 172.9
5 1 176.8
109 0 178.2
6 1 184.2
21 2 184.5
108 0 185.8
7 1 192.0
20 2 195.3
126 0 197.0
8 1 199.4
127 0 204.0
18 2 205.4
9 1 206.5
128 0 210.9
10 1 213.7
131 2 219.8
129 0 220.2
56 1 228.0
25 2 233.8
55 1 235.0
106 0 235.0
53 1 244.4
23 2 245.1
120 0 247.0
63 1 252.9
118 0 255.5
64 1 259.0
26 2 261.8
27 2 270.2
123 0 270.2
65 1 272.0
28 2 278.9
50 1 282.4
122 0 285.6
88 2 287.8
48 1 291.8
49 1 298.2
29 2 298.8
104 0 299.7
30 2 307.3
66 1 309.7
100 0 309.8
67 1 316.2
101 0 316.9
62 2 318.0
102 0 324.2
44 1 328.7
58 2 329.1
103 0 334.2
59 2 337.5
81 1 338.2
60 2 346.2
41 1 350.5
95 0 353.4
61 2 357.1
96 0 360.1
97 0 367.3
36 1 367.9
133 2 371.7
35 1 374.8
98 0 376.9
85 2 382.0
87 1 384.8
93 0 392.9
86 2 393.1
92 0 400.5
