48 1 52.4
37 0 53.6
15 3 56.1
66 2 58.2
36 0 60.3
16 3 62.7
49 1 66.3
67 2 66.4
35 0 67.3
117 3 74.8
46 1 76.3
87 0 78.4
44 1 84.8
124 3 88.8
33 0 88.8
81 1 94.2
31 0 100.8
8 2 102.0
125 3 102.6
41 1 106.7
9 2 110.7
113 3 112.4
14 0 114.3
10 2 119.6
83 1 120.5
84 1 126.6
17 0 130.8
85 1 133.9
118 3 139.2
21 0 144.1
119 3 145.5
22 0 151.6
123 3 153.2
23 0 159.4
24 0 166.8
122 3 168.6
65 2 172.1
123 1 172.5
26 0 174.0
27 0 180.8
120 1 181.5
63 2 186.0
121 1 187.5
28 0 187.9
93 3 192.5
64 2 193.8
29 0 195.0
122 1 195.3
92 3 200.2
104 1 207.4
62 0 211.2
90 3 211.3
133 2 213.1
89 3 218.4
93 1 219.5
133 0 221.4
92 1 226.9
58 0 234.1
18 3 235.2
130 1 237.5
59 0 240.7
25 2 244.8
90 1 247.0
60 0 247.7
20 3 250.4
89 1 257.3
61 0 257.4
88 2 278.0
100 1 283.9
95 3 286.1
101 1 290.7
96 3 292.8
79 0 295.9
102 1 297.8
97 3 299.9
78 0 306.1
103 1 307.2
98 3 309.5
110 2 315.1
109 2 324.2
76 0 328.3
106 3 333.1
108 2 333.2
75 0 335.2
107 3 339.4
80 0 345.5
106 2 349.2
73 0 355.8
107 2 356.5
72 0 362.7
38 1 364.4
126 2 365.3
71 0 369.5
127 2 374.0
126 3 375.3
79 1 376.7
127 3 382.5
128 2 382.6
69 1 400.0
70 0 404.5
3 1 417.2
4 1 424.3
5 0 429.1
6 1 434.8
6 0 440.2
