1 0 68.4
87 1 70.8
80 2 72.9
9 3 73.9
2 0 75.4
33 1 80.1
8 3 82.1
3 0 83.9
73 2 84.4
31 1 90.7
4 0 92.5
72 2 93.5
56 3 93.7
12 1 100.6
5 0 101.0
55 3 101.3
71 2 102.7
11 1 107.7
6 0 109.3
53 3 112.3
132 1 117.8
7 0 118.2
69 2 120.0
63 3 122.3
8 0 126.4
64 3 129.0
70 2 129.7
9 0 134.2
14 1 135.2
15 1 142.0
10 0 142.2
1 2 142.7
65 3 145.8
16 1 148.1
3 2 154.8
50 3 158.1
117 1 159.1
56 0 160.8
4 2 164.5
55 0 168.3
48 3 169.3
124 1 171.3
5 2 174.5
49 3 176.2
53 0 179.6
125 1 183.7
6 2 184.3
63 0 189.4
66 3 190.7
113 1 192.6
7 2 194.2
64 0 196.2
67 3 197.9
112 1 201.6
8 2 204.1
110 1 211.6
65 0 212.8
9 2 213.5
44 3 213.7
109 1 218.7
10 2 222.9
50 0 225.2
81 3 225.2
108 1 225.9
126 1 236.2
48 0 236.8
41 3 240.9
56 2 241.3
127 1 242.9
49 0 243.5
128 1 249.7
55 2 250.4
82 3 251.2
66 0 258.1
129 1 258.5
53 2 262.6
38 3 263.2
67 0 265.3
106 1 271.9
36 3 273.5
63 2 273.8
35 3 281.0
44 0 281.4
64 2 282.2
120 1 282.9
118 1 290.6
81 0 293.0
87 3 293.4
65 2 299.0
123 1 303.7
33 3 304.6
41 0 308.8
50 2 312.3
122 1 317.2
31 3 317.8
82 0 318.7
48 2 324.5
104 1 329.7
12 3 329.8
38 0 330.5
49 2 332.8
11 3 338.0
100 1 339.1
36 0 340.7
101 1 345.8
66 2 347.7
35 0 348.4
132 3 350.0
102 1 352.9
67 2 356.3
87 0 360.3
103 1 362.2
33 0 371.7
44 2 372.3
14 3 372.5
95 1 378.8
15 3 379.9
31 0 384.9
81 2 384.9
96 1 385.4
16 3 387.2
97 1 392.4
12 0 396.9
41 2 400.4
117 3 400.6
98 1 401.6
11 0 405.1
82 2 412.2
93 1 415.6
124 3 416.4
132 0 416.8
92 1 422.8
38 2 424.6
125 3 431.5
130 1 433.6
36 2 435.8
14 0 439.5
113 3 441.9
90 1 443.1
35 2 445.0
15 0 447.0
89 1 450.0
112 3 452.9
16 0 454.1
87 2 458.1
21 1 459.6
110 3 464.8
117 0 467.7
20 1 469.0
33 2 470.3
109 3 473.2
18 1 477.4
108 3 481.4
124 0 483.3
31 2 484.3
131 1 490.4
126 3 493.7
12 2 497.3
125 0 498.8
127 3 501.2
25 1 502.9
11 2 506.9
128 3 508.9
113 0 509.5
23 1 512.7
129 3 519.2
132 2 519.7
112 0 520.3
26 1 527.6
110 0 532.2
27 1 534.1
106 3 535.4
109 0 540.6
28 1 540.9
14 2 541.1
108 0 548.9
120 3 549.1
15 2 550.7
29 1 553.6
118 3 558.6
16 2 559.3
126 0 561.2
62 1 564.4
127 0 568.8
117 2 573.4
58 1 574.1
123 3 574.9
128 0 576.6
59 1 580.5
129 0 586.8
60 1 587.6
124 2 589.1
122 3 591.9
61 1 596.6
106 0 603.2
125 2 604.8
104 3 607.5
133 1 610.0
113 2 616.6
120 0 616.6
85 1 618.4
100 3 618.6
118 0 626.2
101 3 626.3
86 1 628.0
112 2 628.7
102 3 634.4
83 1 636.7
110 2 641.4
123 0 642.9
38 1 645.0
103 3 645.7
109 2 651.2
79 1 654.2
122 0 659.6
108 2 660.8
78 1 663.8
95 3 667.0
126 2 673.9
96 3 674.2
104 0 675.0
76 1 677.1
97 3 682.1
127 2 683.2
75 1 683.5
100 0 686.1
128 2 692.5
98 3 692.9
80 1 693.3
101 0 693.7
102 0 701.9
73 1 702.8
129 2 703.8
72 1 709.3
93 3 710.6
103 0 713.0
71 1 715.9
92 3 718.8
106 2 720.6
