31 0 33.6
86 1 34.1
100 2 35.1
85 1 43.3
101 2 43.3
14 0 43.7
15 0 50.3
102 2 52.3
53 1 52.4
16 0 57.1
63 1 60.9
103 2 63.3
64 1 67.1
117 0 69.2
104 2 78.9
65 1 80.0
124 0 83.3
105 2 87.4
50 1 90.2
106 2 95.9
48 1 99.8
110 0 101.8
107 2 103.8
49 1 106.0
109 0 109.3
126 2 112.9
108 0 117.0
66 1 117.9
127 2 121.4
67 1 124.6
128 2 130.2
122 0 136.9
44 1 136.9
129 2 140.7
81 1 146.4
118 0 151.3
120 2 162.0
76 1 162.6
75 1 169.4
123 2 172.8
29 0 175.1
80 1 178.8
88 0 185.3
73 1 188.0
72 1 194.7
93 2 198.1
32 0 200.5
71 1 201.6
92 2 207.1
33 0 207.4
34 0 214.1
69 1 215.3
130 2 219.7
87 0 222.2
70 1 222.8
90 2 231.4
35 0 233.0
3 1 237.5
89 2 239.9
36 0 240.1
4 1 245.0
37 0 247.1
23 2 251.4
5 1 252.5
38 0 253.7
6 1 259.9
39 0 260.0
24 2 260.5
7 1 267.8
26 2 269.2
79 0 272.0
8 1 275.2
27 2 277.6
78 0 282.1
9 1 282.4
28 2 286.2
10 1 289.5
43 0 292.5
11 1 297.2
25 2 301.5
41 0 303.6
12 1 304.4
13 1 312.0
82 0 313.1
131 2 315.7
83 0 323.8
84 0 330.0
113 1 330.0
18 2 330.1
19 2 338.5
112 1 339.1
133 0 342.6
21 2 351.0
58 0 351.5
125 1 351.9
59 0 358.2
62 0 371.1
95 2 378.4
132 1 380.6
96 2 386.8
97 2 395.4
56 1 396.8
55 1 403.7
98 2 406.2
60 1 420.1
97 0 424.1
