10 3 46.7
126 2 47.4
1 0 51.0
123 1 51.5
11 3 56.5
29 2 59.1
118 1 66.0
28 2 68.1
42 1 76.4
27 2 77.3
43 1 82.0
124 1 88.5
125 1 103.0
15 2 105.9
39 1 111.2
100 3 112.4
132 2 117.6
36 1 121.1
57 0 126.6
38 1 128.3
81 3 131.3
133 2 134.1
58 0 135.0
37 1 137.9
82 3 138.7
59 0 143.5
45 2 144.8
108 3 146.0
24 1 147.0
60 0 151.9
46 2 153.7
25 1 154.2
83 3 155.4
61 0 160.7
26 1 161.4
84 3 162.1
47 2 163.1
62 0 168.7
85 3 168.7
3 1 171.8
48 2 174.5
63 0 176.2
107 3 177.0
4 1 179.0
64 0 183.6
5 1 186.3
134 3 187.7
49 2 191.1
65 0 193.4
6 1 193.7
69 3 198.6
50 2 200.5
7 1 201.4
70 3 205.9
51 2 209.0
66 0 210.4
67 0 218.2
52 2 218.5
135 3 219.2
130 1 219.7
131 1 225.7
68 0 226.1
53 2 227.7
87 3 229.1
17 1 236.2
88 3 236.3
54 2 237.6
129 1 243.5
89 0 244.6
55 2 247.3
91 3 251.2
18 1 253.9
90 0 254.9
56 2 257.3
92 3 259.6
19 1 261.3
115 2 266.8
20 1 268.0
93 3 268.2
21 1 274.0
106 3 276.8
113 0 281.3
22 1 283.7
114 0 288.1
94 3 288.5
127 1 290.3
109 2 295.8
95 3 296.1
128 1 296.5
71 0 300.7
96 3 303.7
112 0 309.0
97 3 310.7
34 1 317.0
104 2 320.8
72 0 321.7
32 1 326.0
98 3 326.2
73 0 330.2
102 2 332.4
31 1 332.6
74 0 337.3
101 2 341.4
75 0 344.2
122 1 348.7
105 3 353.9
76 0 355.9
110 0 363.0
132 1 369.6
111 0 370.0
116 2 372.8
117 3 376.2
133 1 378.4
77 0 383.1
118 3 383.7
45 1 386.6
78 0 390.5
119 3 391.3
46 1 393.1
79 0 398.3
13 2 399.1
120 3 399.2
47 1 400.1
121 3 406.0
12 2 408.0
48 1 408.9
125 3 418.1
8 2 420.5
49 1 422.2
39 3 428.0
50 1 429.2
9 2 429.6
115 0 432.3
51 1 435.7
36 3 439.8
52 1 442.4
38 3 448.2
53 1 449.2
54 1 457.1
37 3 459.6
130 2 462.5
55 1 464.0
109 0 464.8
24 3 469.9
131 2 470.9
56 1 471.5
80 0 476.6
25 3 478.4
57 1 483.7
81 0 484.6
26 3 486.5
129 2 487.6
58 1 490.9
82 0 492.0
59 1 498.3
3 3 499.2
108 0 499.3
60 1 505.6
20 2 506.0
4 3 507.5
83 0 508.5
61 1 513.3
21 2 514.6
84 0 515.5
5 3 516.0
62 1 520.2
85 0 522.0
6 3 524.5
63 1 527.0
127 2 529.1
107 0 530.2
64 1 533.7
128 2 537.9
134 0 541.1
65 1 542.3
37 2 553.6
66 1 556.0
15 3 559.8
67 1 562.6
16 3 567.3
34 2 568.6
68 1 569.6
130 3 574.1
69 1 576.6
32 2 580.2
131 3 580.9
91 0 582.2
70 1 583.3
31 2 589.1
113 1 589.5
92 0 590.4
17 3 593.4
114 1 595.5
93 0 599.1
129 3 602.2
71 1 605.9
106 0 607.9
122 2 608.9
112 1 613.2
18 3 614.6
94 0 619.5
119 2 621.1
19 3 623.0
72 1 623.7
95 0 627.1
20 3 630.2
118 2 630.3
73 1 631.0
96 0 634.9
21 3 637.2
74 1 637.8
97 0 641.7
75 1 643.9
22 3 648.8
76 1 653.6
127 3 656.0
98 0 657.1
110 1 660.1
128 3 663.0
57 2 664.5
99 0 665.3
111 1 666.3
100 0 672.7
58 2 674.3
77 1 677.3
59 2 684.2
78 1 688.3
101 0 688.9
34 3 689.1
60 2 693.9
79 1 694.8
102 0 696.3
32 3 699.8
109 1 702.1
103 0 703.9
61 2 704.1
31 3 707.1
105 0 712.1
80 1 712.1
62 2 713.8
81 1 719.1
63 2 722.7
104 0 722.8
82 1 725.7
122 3 727.7
64 2 731.9
108 1 732.3
116 0 735.5
83 1 740.5
117 0 742.9
65 2 742.9
42 3 743.0
84 1 746.7
43 3 749.7
118 0 750.6
85 1 752.6
124 3 757.9
119 0 758.3
107 1 759.7
66 2 759.8
120 0 766.1
132 3 768.6
134 1 768.9
67 2 769.0
121 0 772.9
135 1 777.5
69 2 780.7
45 3 783.9
125 0 785.2
87 1 785.9
70 2 789.9
46 3 791.4
88 1 792.2
39 0 794.9
113 2 798.6
47 3 799.0
89 1 799.1
36 0 806.6
114 2 806.9
90 1 808.1
48 3 809.3
38 0 815.0
71 2 820.2
91 1 822.1
37 0 826.4
92 1 829.2
112 2 830.2
52 3 835.3
93 1 836.7
24 0 836.8
53 3 843.0
72 2 843.2
106 1 844.5
25 0 845.3
54 3 851.8
73 2 853.1
26 0 853.5
94 1 854.2
55 3 860.0
95 1 860.9
74 2 862.2
96 1 867.7
56 3 868.3
75 2 870.5
97 1 874.1
115 3 876.5
7 0 882.2
76 2 882.9
98 1 886.4
57 3 888.0
8 0 890.3
110 2 892.0
99 1 893.5
58 3 896.4
9 0 897.8
100 1 900.2
111 2 900.6
59 3 904.8
60 3 913.2
101 1 913.3
102 1 919.8
61 3 921.9
15 0 922.2
80 2 922.3
103 1 926.6
16 0 929.8
62 3 929.9
81 2 931.8
105 1 933.9
130 0 936.6
63 3 937.3
82 2 940.8
104 1 943.1
131 0 943.3
64 3 945.0
108 2 949.7
116 1 953.5
65 3 954.8
17 0 955.8
83 2 960.4
129 0 964.3
84 2 968.9
66 3 971.7
18 0 976.8
85 2 977.4
67 3 979.5
8 1 983.0
19 0 985.4
107 2 986.9
9 1 989.7
20 0 992.5
134 2 998.8
21 0 999.6
89 3 1001.1
135 2 1010.2
22 0 1011.1
90 3 1011.6
127 0 1018.2
87 2 1020.9
128 0 1025.6
88 2 1029.8
113 3 1038.2
89 2 1039.0
114 3 1044.7
90 2 1050.5
34 0 1051.5
71 3 1057.4
32 0 1062.0
112 3 1065.9
91 2 1067.7
31 0 1069.4
92 2 1077.4
72 3 1078.4
73 3 1087.0
93 2 1087.3
122 0 1090.2
74 3 1094.2
106 2 1097.5
75 3 1101.0
42 0 1105.5
94 2 1110.0
43 0 1112.2
76 3 1112.6
95 2 1119.0
110 3 1119.8
124 0 1120.5
111 3 1126.9
96 2 1128.4
132 0 1131.1
97 2 1137.0
77 3 1139.8
45 0 1146.4
78 3 1147.3
98 2 1152.4
46 0 1153.7
109 3 1158.7
47 0 1161.4
100 2 1164.3
48 0 1171.9
121 2 1206.0
42 2 1216.4
124 2 1227.5
125 2 1245.2
39 2 1256.0
38 2 1271.8
25 2 1291.9
26 2 1301.6
3 2 1314.7
4 2 1324.6
5 2 1334.4
6 2 1344.2
