62 0 7.3
38 2 9.3
29 1 15.7
24 0 27.9
25 2 32.4
38 1 35.4
37 0 38.1
26 2 42.2
39 1 48.2
40 1 54.8
63 0 58.0
64 0 65.3
20 2 76.2
49 1 80.1
18 0 81.6
21 2 84.9
50 1 89.1
65 0 94.6
66 0 108.9
8 1 113.5
67 0 115.7
58 2 116.3
9 1 120.3
10 1 127.1
15 0 127.6
57 2 128.2
11 1 135.5
44 0 138.5
61 2 141.2
42 2 154.0
45 0 155.1
46 0 161.5
60 2 165.5
47 0 169.5
34 1 171.8
48 0 176.7
32 1 180.7
55 2 185.1
31 1 187.2
51 0 191.7
54 2 194.2
52 0 199.9
58 1 203.9
59 2 207.3
53 0 208.7
55 1 213.4
54 1 220.3
45 2 228.7
59 1 230.6
13 0 233.7
44 2 240.1
52 1 240.9
12 0 241.4
51 1 248.1
6 0 253.8
39 2 257.9
5 0 262.3
15 1 270.4
4 0 270.6
32 2 274.5
16 1 277.3
3 0 279.2
66 1 283.6
31 2 283.6
67 1 289.7
26 0 292.2
29 2 295.6
17 1 300.3
25 0 300.4
28 2 304.7
65 1 307.9
27 2 313.7
18 1 318.2
20 0 320.3
19 1 325.8
21 0 327.7
20 1 332.4
3 2 336.0
21 1 338.8
4 2 345.9
22 1 348.4
38 0 352.8
63 1 355.1
5 2 355.8
64 1 361.4
6 2 365.7
34 0 367.7
7 2 375.9
24 1 383.6
39 0 384.4
8 2 385.5
25 1 391.2
40 0 391.8
9 2 394.5
26 1 398.3
61 0 399.2
10 2 403.9
41 0 408.5
3 1 413.5
11 2 414.9
42 0 415.5
4 1 420.9
5 1 428.3
12 2 431.9
6 1 435.7
13 2 441.2
8 0 442.6
9 0 450.0
15 2 453.3
10 0 457.7
60 1 458.2
16 2 462.4
11 0 467.6
66 2 471.1
61 1 472.7
67 2 479.5
57 1 482.7
17 2 492.8
65 2 502.9
49 0 505.6
18 2 516.1
50 0 516.3
63 2 530.5
64 2 539.4
60 0 544.2
57 0 559.1
55 0 569.6
54 0 576.9
59 0 589.2
47 2 595.2
48 2 604.2
58 0 611.6
49 2 613.6
32 0 622.6
50 2 625.2
31 0 630.1
29 0 641.1
1 0 670.5
