37 0 59.0
48 1 59.1
15 3 60.7
66 2 61.5
36 0 65.7
16 3 67.3
67 2 69.6
35 0 72.7
117 3 79.4
44 1 80.5
87 0 83.9
81 1 89.9
124 3 93.4
33 0 94.2
41 1 102.2
8 2 105.3
125 3 107.2
31 0 113.4
9 2 114.0
83 1 115.9
113 3 117.0
84 1 122.3
14 0 123.4
10 2 124.6
110 3 126.9
85 1 129.4
132 2 133.5
109 3 134.4
131 0 136.3
108 3 142.2
86 1 142.7
11 2 144.7
126 3 153.3
12 2 153.6
38 1 154.7
127 3 160.2
13 2 163.0
36 1 163.1
29 0 163.5
128 3 167.2
35 1 170.1
129 3 176.3
27 0 177.8
26 0 184.6
106 3 191.1
18 1 197.8
63 2 200.1
104 3 200.5
88 0 203.6
19 1 204.7
64 2 208.1
20 1 211.8
97 3 219.0
65 2 223.2
25 0 225.0
98 3 228.7
118 1 234.5
119 1 240.9
21 0 252.5
120 3 255.3
3 2 256.4
22 0 259.9
4 2 265.7
23 0 267.6
62 1 268.9
5 2 275.0
133 1 277.6
6 2 284.1
89 0 284.9
58 1 289.1
21 3 289.3
90 0 292.0
59 1 296.0
22 3 297.0
91 0 299.2
23 3 304.7
92 0 307.2
24 3 312.1
93 0 314.9
79 1 321.0
94 0 322.9
78 1 330.4
95 0 333.2
96 0 339.9
68 1 346.3
122 3 348.4
99 0 353.0
69 1 353.7
100 0 360.5
70 1 360.9
101 0 367.4
61 2 370.7
102 0 374.8
71 1 383.0
103 0 384.7
72 1 389.8
61 3 396.4
73 1 396.7
79 2 401.4
74 1 403.6
75 1 412.1
