124 2 38.1
48 0 39.1
63 1 40.0
64 1 45.3
49 0 45.3
125 2 52.2
65 1 57.4
66 0 58.6
113 2 63.0
67 0 64.9
50 1 67.1
112 2 74.0
110 2 86.2
109 2 95.3
108 2 104.4
68 1 105.0
50 0 107.4
69 1 112.1
51 0 115.4
126 2 116.5
70 1 118.7
127 2 125.1
3 1 132.9
128 2 133.7
4 1 139.6
60 0 141.6
129 2 144.3
5 1 146.4
61 0 151.3
6 1 153.2
106 2 159.8
7 1 160.5
56 1 167.2
120 2 172.8
53 1 179.0
8 0 181.5
118 2 183.5
9 0 190.5
54 1 191.7
119 2 200.8
10 0 200.9
133 1 201.9
11 0 214.6
58 1 215.8
123 2 216.6
59 1 222.6
12 0 224.6
13 0 236.9
122 2 237.0
62 1 238.0
15 0 252.8
104 2 256.9
16 0 261.3
100 2 269.9
120 1 271.0
117 0 274.1
121 1 276.7
101 2 278.7
104 1 287.1
102 2 288.3
124 0 289.3
97 1 303.7
125 0 305.9
113 0 316.3
98 2 324.4
112 0 325.9
