116 2 56.1
68 1 57.1
64 3 57.7
82 0 58.5
63 3 63.3
124 2 67.8
69 1 68.6
70 1 75.8
65 3 81.0
125 2 82.1
3 1 90.4
50 3 92.4
113 2 92.8
4 1 97.8
112 2 103.7
5 1 105.3
53 0 107.9
6 1 112.8
110 2 115.5
7 1 120.6
133 0 122.9
109 2 124.5
8 1 128.1
58 0 132.1
108 2 133.5
9 1 135.2
59 0 138.8
10 1 142.4
126 2 145.5
11 1 149.9
120 3 150.9
62 0 151.7
127 2 154.2
121 3 157.0
12 1 157.1
128 2 162.8
31 0 164.2
13 1 164.8
104 3 167.4
14 1 171.7
15 1 178.8
93 3 181.5
106 2 181.7
131 0 182.8
16 1 185.4
92 3 189.2
17 0 194.1
120 2 194.2
117 1 195.9
90 3 200.4
18 0 201.5
89 3 207.5
19 0 208.3
29 1 215.3
20 0 217.1
27 1 224.5
21 0 226.3
130 3 227.4
26 1 231.3
38 2 232.3
22 0 236.6
39 2 240.4
23 0 244.5
88 1 246.9
40 2 248.8
95 3 249.3
24 0 252.0
96 3 255.9
41 2 257.5
97 3 263.1
35 1 265.8
42 2 266.1
98 3 272.7
36 1 272.7
78 2 274.6
33 0 275.1
37 1 279.7
34 0 281.8
79 2 285.9
83 1 289.5
87 0 289.9
100 3 291.3
84 1 295.9
101 3 298.4
85 1 303.2
102 3 305.6
103 3 315.7
86 1 316.5
25 0 325.3
123 3 348.4
122 0 362.4
