122 0 53.6
81 3 60.2
95 2 60.6
96 2 68.9
78 1 70.6
41 3 74.5
97 2 77.6
82 3 83.7
83 1 88.4
98 2 88.4
117 0 90.4
84 1 94.5
38 3 94.7
15 0 99.8
85 1 101.5
99 2 103.8
36 3 104.0
16 0 106.6
35 3 111.1
100 2 112.8
131 0 114.4
60 1 117.8
101 2 121.2
61 1 126.5
102 2 130.2
103 2 141.1
124 0 144.6
104 2 156.9
8 1 158.4
125 0 163.4
53 3 163.9
9 1 165.4
105 2 165.4
10 1 172.6
106 2 173.7
50 3 177.4
113 0 179.4
11 1 180.2
107 2 181.6
12 1 187.4
112 0 189.1
126 2 190.7
44 3 193.4
13 1 194.9
127 2 199.3
110 0 200.0
109 0 207.5
128 2 207.8
17 1 208.6
66 3 211.5
18 1 215.7
67 3 218.0
129 2 218.4
108 0 219.0
19 1 222.3
48 3 231.6
21 1 232.9
49 3 238.1
22 1 240.2
123 0 246.4
89 1 248.0
90 1 255.0
65 3 257.9
92 1 264.2
93 1 271.6
94 1 279.1
