87 0 52.2
132 1 54.7
63 3 56.6
82 2 60.6
33 0 62.2
64 3 62.4
11 1 64.4
12 1 71.6
31 0 74.1
38 2 75.4
13 1 79.2
36 2 86.1
14 1 90.8
60 3 91.7
35 2 94.5
61 3 101.5
87 2 106.6
18 1 111.0
19 1 117.7
33 2 118.3
89 0 121.3
62 3 126.1
21 1 128.1
90 0 128.4
22 1 135.4
91 0 135.8
79 2 140.9
23 1 143.0
92 0 143.8
24 1 149.9
118 3 151.3
93 0 151.4
78 2 152.1
119 3 157.8
94 0 159.4
41 2 163.0
123 3 165.6
95 0 166.6
96 0 173.3
43 2 179.2
81 2 188.2
71 2 206.5
130 0 208.4
83 3 214.8
72 2 215.0
9 1 219.5
84 3 221.0
73 2 223.5
8 1 226.5
86 3 228.2
74 2 232.3
97 0 235.5
56 1 236.4
80 2 241.2
55 1 243.3
98 0 245.1
41 3 245.2
75 2 252.2
42 3 252.5
53 1 252.8
76 2 260.6
100 0 263.8
65 1 264.8
101 0 271.0
69 3 272.5
50 1 274.9
102 0 278.2
70 3 280.1
46 2 283.5
103 0 288.3
3 3 291.9
4 3 299.8
104 0 303.9
5 3 307.6
29 1 309.5
105 0 310.9
6 3 315.4
88 1 319.0
122 0 322.4
7 3 323.5
27 1 327.9
26 1 334.7
97 2 355.0
131 0 357.0
124 1 363.3
98 2 365.8
113 1 374.5
110 1 383.7
100 2 386.0
109 1 391.1
128 3 394.1
101 2 394.4
108 1 398.3
129 3 403.3
106 1 410.1
68 0 418.9
129 2 421.1
127 2 429.7
112 1 432.7
115 3 437.7
125 3 448.7
126 1 452.8
112 2 454.5
127 1 459.7
