86 1 57.9
100 2 60.7
31 0 66.3
101 2 68.9
83 1 70.7
14 0 76.4
102 2 77.9
38 1 78.7
15 0 83.0
79 1 87.7
103 2 89.0
16 0 89.7
78 1 96.9
117 0 101.8
95 2 107.4
76 1 109.6
124 0 115.7
96 2 115.7
75 1 116.4
97 2 124.4
80 1 125.7
125 0 129.8
73 1 135.0
98 2 135.2
113 0 139.4
72 1 141.8
71 1 148.6
112 0 149.0
93 2 150.9
110 0 159.9
92 2 160.0
69 1 162.5
109 0 167.6
70 1 169.7
130 2 172.6
108 0 175.3
90 2 184.4
3 1 184.4
126 0 186.4
4 1 191.8
89 2 193.0
127 0 193.5
5 1 199.1
128 0 200.4
21 2 204.5
6 1 206.7
129 0 209.6
7 1 214.3
20 2 215.3
56 1 221.7
106 0 224.4
18 2 225.3
55 1 228.8
104 0 233.6
53 1 238.2
131 2 239.8
63 1 246.5
93 0 247.8
64 1 252.7
25 2 253.7
92 0 255.3
23 2 265.0
65 1 265.8
90 0 269.5
50 1 275.9
89 0 276.6
48 1 285.5
49 1 291.7
118 2 296.8
66 1 303.3
119 2 305.0
67 1 310.0
123 2 314.2
122 0 320.1
44 1 322.3
120 0 330.0
81 1 331.7
41 1 344.4
9 2 344.8
8 2 353.7
36 1 361.5
35 1 368.4
60 0 371.7
132 2 373.1
87 1 378.4
61 0 381.8
33 1 387.9
56 2 394.3
62 1 397.1
55 2 402.9
30 1 410.6
88 0 413.5
133 2 413.9
29 1 417.4
