13 1 30.4
22 0 31.7
81 2 33.3
12 1 38.0
21 0 39.0
11 1 44.9
41 2 47.7
20 0 48.6
132 1 55.0
18 0 57.4
82 2 58.2
38 2 69.9
14 1 71.6
131 0 71.9
15 1 78.6
36 2 80.3
35 2 88.9
25 0 89.5
118 1 94.6
23 0 99.7
87 2 100.8
119 1 101.1
120 1 107.6
33 2 112.2
121 1 113.8
26 0 116.9
104 1 123.4
27 0 123.8
31 2 124.7
28 0 130.8
93 1 135.5
12 2 136.5
88 0 138.4
92 1 142.7
11 2 145.5
29 0 148.4
90 1 152.8
30 0 155.3
132 2 157.2
89 1 159.8
32 0 161.6
33 0 168.5
34 0 175.2
130 1 176.2
14 2 176.6
87 0 183.3
15 2 185.1
16 2 193.4
95 1 194.0
62 0 199.5
96 1 200.5
117 2 206.1
97 1 207.5
58 0 209.7
98 1 216.5
59 0 216.6
124 2 220.3
60 0 223.6
100 1 232.2
61 0 233.2
125 2 234.5
101 1 238.9
113 2 245.2
102 1 246.1
133 0 247.7
103 1 255.3
112 2 256.0
85 0 256.8
110 2 267.9
106 1 272.5
53 0 272.5
109 2 276.9
107 1 279.0
63 0 281.8
108 2 286.0
126 1 286.2
64 0 288.0
127 1 293.1
126 2 297.9
65 0 303.2
128 2 308.9
50 0 314.9
129 2 319.2
83 1 342.3
123 2 344.8
3 0 345.2
84 1 348.5
4 0 353.0
86 1 355.8
5 0 360.7
6 0 368.6
79 1 371.7
7 0 376.7
78 1 381.1
8 0 384.7
9 0 391.8
46 1 396.7
44 2 397.2
10 0 399.2
47 1 403.6
45 2 405.7
48 1 409.9
68 2 414.3
49 1 416.4
56 0 416.4
71 2 423.0
55 0 423.5
66 1 428.0
72 2 431.4
67 1 434.6
73 2 440.0
31 0 446.5
74 2 448.7
69 1 449.6
70 1 457.0
80 2 457.6
117 0 459.1
75 2 468.7
3 1 472.2
124 0 473.4
76 2 477.2
4 1 479.7
5 1 487.0
125 0 487.2
6 1 494.6
113 0 496.9
85 2 501.6
7 1 502.2
112 0 506.6
8 1 509.9
53 2 512.6
9 1 516.8
110 0 517.6
63 2 522.9
109 0 525.1
64 2 530.8
108 0 532.8
56 1 533.7
55 1 540.7
65 2 545.9
133 1 549.7
122 0 552.8
