13 1 41.7
22 0 44.1
81 2 46.1
12 1 49.4
21 0 51.4
11 1 56.4
41 2 60.5
20 0 61.0
132 1 66.3
18 0 69.9
38 2 76.4
36 2 86.9
15 0 87.2
35 2 95.4
113 1 96.3
117 0 96.5
112 1 105.3
87 2 107.3
124 0 110.3
125 1 118.2
33 2 118.6
110 0 128.9
31 2 131.1
109 0 136.5
121 1 137.3
108 0 144.1
120 1 144.2
62 2 149.1
123 1 152.3
58 2 160.3
128 0 160.9
59 2 168.6
129 0 170.1
25 1 175.6
60 2 177.3
106 0 184.9
23 1 185.0
61 2 188.1
122 0 198.8
26 1 199.2
133 2 202.8
27 1 206.0
28 1 212.7
104 0 212.8
85 2 213.0
29 1 219.9
83 2 223.4
30 1 226.7
93 0 226.8
92 0 234.5
86 2 237.4
90 0 245.7
79 1 246.2
89 0 252.8
53 2 253.1
78 1 255.6
63 2 263.5
44 1 267.1
64 2 271.2
130 0 272.9
45 1 274.0
46 1 281.0
65 2 286.4
66 1 287.8
67 1 294.2
95 0 294.5
50 2 298.8
96 0 301.2
68 1 306.5
97 0 308.3
48 2 310.2
71 1 313.7
98 0 318.0
49 2 318.1
72 1 320.5
73 1 327.4
74 1 334.4
100 0 336.7
69 2 337.3
80 1 341.8
101 0 343.6
70 2 346.3
75 1 350.9
102 0 351.0
76 1 357.7
1 2 358.3
103 0 360.9
3 2 369.6
4 2 378.7
120 0 385.7
5 2 388.0
88 1 388.2
123 0 395.6
6 2 397.3
118 0 405.4
7 2 406.7
55 1 411.3
8 2 415.8
56 1 418.2
9 2 424.7
6 1 428.3
25 0 428.7
10 2 433.6
5 1 435.7
23 0 439.0
4 1 443.2
56 2 450.3
3 1 450.8
26 0 456.1
55 2 458.9
70 1 461.2
27 0 462.9
69 1 468.4
28 0 470.0
8 1 504.4
9 1 511.4
