82 1 32.9
63 2 38.7
61 0 41.5
64 2 46.0
38 1 49.1
58 0 50.7
36 1 57.8
57 0 60.6
35 1 64.7
87 1 74.7
8 2 79.7
33 1 84.7
9 2 88.4
12 0 91.9
62 1 93.3
10 2 97.3
11 0 102.3
31 1 108.8
14 2 114.5
15 2 123.0
131 1 124.2
17 0 132.3
117 2 137.7
18 0 139.7
19 0 146.6
104 1 150.5
20 0 153.1
113 2 153.7
21 0 162.4
112 2 164.4
97 1 165.9
22 0 170.0
98 1 174.6
23 0 177.6
125 2 179.4
24 0 185.0
25 0 192.0
106 1 193.7
107 1 199.8
126 1 207.2
89 0 213.6
127 1 214.3
90 0 220.8
128 1 221.0
79 2 221.5
91 0 228.1
129 1 229.7
78 2 232.7
130 0 236.4
41 2 243.7
92 0 247.6
93 0 255.2
43 2 259.8
94 0 263.2
29 1 265.4
81 2 268.8
95 0 270.4
27 1 274.6
96 0 277.2
26 1 281.5
71 2 287.3
99 0 290.1
72 2 295.6
88 1 297.1
100 0 297.5
73 2 304.0
101 0 304.6
102 0 311.9
74 2 312.9
85 1 319.8
80 2 321.8
103 0 321.8
83 1 328.3
75 2 332.9
86 1 340.0
76 2 341.2
108 0 348.8
109 0 356.4
65 1 360.7
110 0 364.1
50 1 370.9
111 0 371.9
48 1 380.5
115 0 383.8
132 2 384.5
49 1 386.7
124 0 391.4
66 1 398.2
116 0 402.3
67 1 404.8
118 0 409.2
119 0 415.5
44 1 417.3
120 0 421.7
121 0 427.9
68 1 430.6
124 2 436.6
69 1 438.0
122 0 443.1
70 1 445.5
118 2 450.8
123 0 458.3
3 1 460.1
120 2 460.5
4 1 467.4
121 2 468.1
5 1 474.9
6 1 482.4
29 0 489.1
7 1 490.1
97 2 491.1
56 1 497.5
27 0 499.0
98 2 501.9
55 1 504.4
26 0 506.0
