95 3 58.8
68 1 59.5
130 0 60.1
125 2 61.8
96 3 65.5
90 0 70.7
69 1 70.9
113 2 72.3
97 3 72.6
89 0 77.9
70 1 78.2
98 3 82.2
112 2 83.2
21 0 88.5
3 1 92.7
110 2 94.9
20 0 98.3
93 3 98.3
4 1 100.1
109 2 104.0
92 3 105.9
18 0 107.0
5 1 107.7
108 2 113.0
6 1 115.1
130 3 117.7
131 0 121.4
7 1 123.0
126 2 125.0
90 3 128.7
8 1 130.4
127 2 133.5
25 0 135.1
89 3 135.7
9 1 137.6
128 2 142.2
10 1 144.8
23 0 145.4
21 3 146.4
129 2 152.6
20 3 156.1
56 1 159.0
26 0 162.5
18 3 164.9
55 1 166.0
106 2 167.5
27 0 169.5
53 1 175.4
28 0 176.4
131 3 179.3
120 2 180.0
63 1 183.9
88 0 184.1
118 2 189.9
64 1 190.1
25 3 193.0
29 0 194.0
30 0 201.1
65 1 203.2
23 3 203.3
123 2 204.7
32 0 207.3
50 1 213.3
62 0 214.6
122 2 220.0
26 3 220.4
48 1 222.8
58 0 224.9
27 3 227.3
49 1 229.2
59 0 231.6
104 2 234.3
28 3 234.3
60 0 238.8
66 1 240.8
88 3 241.9
100 2 245.4
67 1 247.1
61 0 248.3
29 3 252.0
101 2 254.0
30 3 259.0
44 1 259.8
133 0 262.8
102 2 262.8
32 3 265.1
81 1 269.1
85 0 271.9
62 3 272.6
103 2 274.0
41 1 281.6
86 0 282.2
58 3 282.7
59 3 289.6
83 0 291.5
95 2 292.3
60 3 296.7
79 1 299.6
96 2 300.6
61 3 306.3
78 1 308.5
97 2 309.4
98 2 320.1
133 3 320.7
76 1 321.1
31 0 321.4
75 1 327.9
85 3 329.9
12 0 332.2
93 2 336.0
73 1 337.2
11 0 339.8
86 3 340.0
72 1 343.9
92 2 345.0
83 3 349.3
132 0 350.6
71 1 350.8
130 2 357.6
38 3 357.9
79 3 367.6
80 1 368.7
90 2 369.1
14 0 371.2
89 2 377.8
78 3 377.8
15 0 378.1
21 2 389.4
36 1 391.2
117 0 392.8
35 1 398.2
20 2 400.2
87 1 407.9
113 0 408.9
18 2 410.3
33 1 417.5
112 0 418.5
131 2 424.7
25 2 438.7
123 1 444.4
106 3 449.3
23 2 450.0
120 1 453.4
121 1 459.6
26 2 466.6
108 1 473.1
104 3 474.4
27 2 475.1
100 0 476.4
109 1 480.6
101 0 483.5
28 2 483.6
110 1 487.8
102 0 490.8
88 2 492.6
128 3 494.5
111 1 495.3
103 0 500.9
129 3 503.8
29 2 503.8
115 1 505.7
