87 0 21.3
65 1 24.5
33 0 31.5
50 1 34.7
31 0 43.4
48 1 44.3
49 1 50.5
12 0 54.3
11 0 61.9
66 1 62.2
67 1 68.6
132 0 72.8
44 1 81.0
81 1 90.6
14 0 93.3
15 0 100.1
41 1 103.1
16 0 106.8
38 1 116.9
117 0 119.0
36 1 125.8
35 1 132.7
124 0 133.2
87 1 142.9
125 0 147.0
33 1 152.3
113 0 156.7
31 1 162.7
112 0 166.4
12 1 172.4
110 0 177.4
11 1 179.9
109 0 184.9
132 1 189.9
108 0 192.7
126 0 203.8
14 1 206.5
127 0 210.9
15 1 213.7
128 0 217.8
16 1 220.0
129 0 227.1
117 1 230.9
106 0 241.8
124 1 242.8
120 0 253.9
125 1 255.0
118 0 262.3
113 1 264.1
112 1 273.0
123 0 277.5
110 1 283.0
109 1 290.3
122 0 294.8
108 1 297.5
104 0 309.1
93 0 323.2
131 1 327.7
92 0 330.8
17 1 338.0
130 0 342.7
18 1 344.9
19 1 351.8
90 0 353.7
89 0 360.8
21 1 362.5
23 1 373.2
24 1 379.8
26 1 386.8
27 1 393.6
28 1 400.4
88 1 408.3
79 0 408.7
29 1 417.6
76 0 419.6
75 0 426.4
62 1 428.5
80 0 437.2
58 1 437.8
59 1 444.5
73 0 447.5
60 1 452.1
72 0 454.4
71 0 461.4
133 1 468.9
69 0 472.5
85 1 477.5
70 0 480.0
83 1 485.8
1 0 491.6
86 1 497.7
55 1 511.3
56 1 518.4
78 0 524.3
6 1 528.9
5 1 536.3
4 1 543.6
3 1 551.0
8 1 575.3
9 1 582.1
95 0 598.4
96 0 605.1
53 1 606.0
97 0 612.7
63 1 619.7
98 0 622.5
64 1 625.9
100 0 641.6
101 0 648.7
102 0 656.3
25 1 659.8
103 0 666.7
95 1 696.2
96 1 702.8
97 1 710.3
98 1 719.2
