2 0 21.5
3 0 30.0
4 0 38.4
5 0 46.9
6 0 55.4
7 0 64.1
8 0 72.5
9 0 79.9
10 0 88.0
11 0 98.2
12 0 115.3
13 0 122.9
14 0 130.9
15 0 139.1
16 0 146.6
130 0 153.7
131 0 160.5
17 0 173.3
129 0 182.0
18 0 195.0
19 0 203.6
20 0 211.0
21 0 217.7
22 0 229.8
127 0 237.6
128 0 244.4
23 0 257.8
24 0 265.4
37 0 276.4
38 0 288.0
34 0 303.4
39 0 320.2
40 0 327.8
125 0 335.2
41 0 345.5
42 0 352.9
43 0 359.6
124 0 367.6
132 0 379.1
133 0 389.8
45 0 400.0
46 0 407.2
47 0 415.0
48 0 426.1
49 0 443.2
50 0 451.2
51 0 458.3
52 0 466.2
53 0 474.1
54 0 483.0
55 0 491.2
56 0 499.7
115 0 508.4
57 0 520.4
58 0 528.7
59 0 537.1
60 0 545.6
61 0 554.4
62 0 563.2
63 0 570.8
64 0 579.1
65 0 589.5
66 0 607.4
67 0 615.4
68 0 623.4
69 0 631.8
70 0 639.4
113 0 647.5
114 0 654.1
71 0 667.5
112 0 677.0
72 0 689.5
73 0 698.2
74 0 706.0
75 0 712.7
76 0 725.5
110 0 733.3
111 0 740.3
77 0 753.5
78 0 768.3
79 0 775.8
109 0 784.8
80 0 798.2
81 0 807.0
82 0 814.4
108 0 822.3
83 0 832.6
84 0 840.3
85 0 846.6
107 0 855.2
134 0 866.4
135 0 877.8
87 0 888.0
88 0 895.1
89 0 903.6
90 0 914.8
91 0 933.2
92 0 941.4
93 0 950.1
106 0 959.5
94 0 972.4
95 0 980.0
96 0 987.9
97 0 996.1
98 0 1012.3
99 0 1020.6
100 0 1029.1
101 0 1046.4
102 0 1054.2
103 0 1061.7
105 0 1070.8
104 0 1083.0
116 0 1096.0
117 0 1103.2
123 0 1112.6
118 0 1125.3
119 0 1133.0
120 0 1140.7
121 0 1148.7
122 0 1164.7
32 0 1176.8
31 0 1184.3
126 0 1196.3
29 0 1207.8
28 0 1215.3
27 0 1222.6
25 0 1235.4
26 0 1243.4
