68 0 57.7
37 1 60.5
64 3 60.8
3 2 63.8
63 3 66.4
36 1 66.4
69 0 70.6
35 1 72.8
4 2 72.9
70 0 78.1
65 3 79.8
87 1 82.0
1 0 89.6
33 1 90.9
5 2 92.6
3 0 100.0
31 1 100.6
6 2 101.7
4 0 107.8
7 2 111.2
12 1 113.7
5 0 115.7
61 3 119.8
11 1 120.3
56 2 120.3
6 0 127.6
55 2 129.1
7 0 135.7
53 2 143.5
120 1 146.5
50 3 149.2
121 1 151.9
46 3 160.3
104 1 160.8
133 2 162.5
62 0 164.3
66 3 171.8
93 1 172.3
58 2 172.5
67 3 178.5
92 1 179.0
59 2 180.7
14 0 182.6
90 1 188.1
15 0 189.3
48 3 191.8
89 1 194.5
16 0 196.0
85 2 197.4
49 3 198.3
18 0 207.1
130 1 210.4
38 2 211.3
19 0 213.8
20 0 220.6
79 2 222.1
95 1 227.5
21 0 229.7
78 2 233.2
96 1 233.4
22 0 237.2
97 1 239.9
27 3 244.8
23 0 245.1
98 1 248.1
76 2 248.2
26 3 251.7
24 0 252.5
75 2 256.6
25 3 261.5
100 1 263.1
80 2 267.9
101 1 269.2
117 0 273.6
131 3 275.7
102 1 275.9
73 2 279.0
103 1 284.4
72 2 287.4
124 0 287.4
71 2 295.8
106 1 300.8
113 3 302.8
110 0 306.2
107 1 306.6
44 2 309.3
112 3 312.7
126 1 313.3
109 0 313.8
127 1 319.4
81 2 320.5
108 0 321.4
128 1 325.8
125 3 327.6
41 2 335.1
122 0 341.5
123 1 351.2
118 0 357.3
132 3 364.2
46 2 367.9
47 2 376.2
29 0 381.2
48 2 384.3
83 1 386.8
88 0 391.6
49 2 392.2
118 3 393.3
40 1 394.5
119 3 399.8
82 1 400.5
120 3 406.2
66 2 406.2
121 3 412.2
86 1 413.5
67 2 414.3
85 0 420.3
104 3 422.7
38 1 424.7
86 0 430.5
79 1 432.9
93 3 436.9
78 1 441.6
92 3 444.5
76 1 453.5
90 3 455.7
75 1 459.8
89 3 462.9
80 1 468.4
73 1 477.1
130 3 482.7
72 1 483.1
71 1 489.2
44 1 499.9
95 3 504.6
81 1 508.5
96 3 511.3
97 3 518.4
41 1 520.4
98 3 528.3
100 3 547.0
101 3 554.0
102 3 561.2
103 3 571.2
106 3 592.3
107 3 598.5
126 3 606.0
127 3 613.1
128 3 620.0
129 3 629.3
123 3 657.3
88 3 692.6
