57 0 66.8
122 3 68.0
124 2 69.6
20 1 69.7
58 0 73.4
18 1 78.1
59 0 80.1
60 0 87.1
104 3 95.0
125 2 96.3
21 1 98.5
61 0 105.0
22 1 105.7
93 3 109.1
116 2 110.7
89 1 113.0
92 3 116.7
118 2 119.3
133 0 119.4
90 1 119.7
119 2 127.2
53 0 128.2
120 2 135.3
63 0 137.6
121 2 143.1
64 0 143.8
130 1 152.9
23 3 159.1
65 0 159.1
24 3 166.7
95 1 170.4
50 0 170.6
26 3 173.9
96 1 177.0
53 2 180.4
27 3 180.8
48 0 181.1
97 1 184.1
49 0 187.4
28 3 187.9
63 2 190.9
98 1 193.1
29 3 195.1
64 2 198.8
30 3 202.1
100 1 208.5
33 3 211.2
69 0 215.0
101 1 215.4
34 3 217.8
70 0 222.5
102 1 222.6
35 3 225.3
66 2 228.2
103 1 231.9
36 3 232.5
1 0 233.8
67 2 236.4
37 3 239.6
3 0 244.3
38 3 246.1
44 2 251.1
4 0 252.0
39 3 252.4
123 1 255.4
83 3 258.8
5 0 259.9
81 2 262.5
84 3 265.1
6 0 267.6
117 1 268.1
86 3 272.6
7 0 275.8
31 1 279.2
76 2 281.1
8 0 283.5
40 3 289.8
62 1 290.3
9 0 290.8
75 2 292.0
82 3 296.2
10 0 298.2
80 2 303.2
41 3 305.3
132 0 305.7
85 1 306.4
42 3 312.4
73 2 314.2
11 0 316.3
43 3 320.5
72 2 322.5
55 1 323.4
12 0 323.7
56 1 330.3
78 3 331.0
71 2 331.1
13 0 331.7
79 3 341.3
113 0 353.5
112 0 363.2
25 1 365.8
8 2 370.7
15 1 377.2
9 2 379.4
10 2 388.2
131 1 390.2
110 0 396.0
109 0 403.7
128 3 404.9
108 0 411.3
129 3 414.0
88 2 415.5
106 0 424.2
87 1 432.5
