131 0 21.4
124 1 24.9
17 0 32.2
125 1 36.9
25 0 39.0
113 1 45.6
23 0 49.2
112 1 54.6
110 1 64.4
26 0 66.4
109 1 71.9
27 0 73.3
108 1 79.0
28 0 80.3
88 0 87.8
126 1 89.1
127 1 96.0
29 0 97.9
128 1 103.1
30 0 104.8
32 0 111.2
62 0 118.4
106 1 119.4
58 0 128.6
120 1 129.9
59 0 135.4
118 1 137.9
60 0 142.5
123 1 150.4
61 0 152.1
122 1 163.6
133 0 166.6
85 0 175.7
104 1 175.9
100 1 184.9
86 0 185.9
101 1 191.9
83 0 195.3
102 1 199.0
38 0 203.8
103 1 208.2
79 0 213.4
78 0 223.7
95 1 224.2
96 1 230.8
97 1 238.1
76 0 238.5
75 0 245.5
98 1 246.9
80 0 255.8
93 1 260.2
73 0 265.9
92 1 267.6
72 0 272.7
71 0 279.7
90 1 283.1
89 1 290.2
69 0 296.1
21 1 299.7
70 0 303.8
20 1 308.7
1 0 315.0
18 1 317.2
3 0 325.6
131 1 329.4
4 0 333.3
5 0 341.0
25 1 341.4
6 0 348.8
23 1 350.8
7 0 356.9
8 0 364.7
26 1 364.9
27 1 371.8
9 0 371.9
28 1 378.7
10 0 379.3
88 1 386.2
29 1 395.7
56 0 396.5
30 1 402.4
55 0 403.7
62 1 411.1
63 0 420.4
64 0 426.5
31 1 426.8
12 1 436.5
50 0 442.1
11 1 443.8
132 1 453.8
44 0 458.1
14 1 470.6
41 0 472.1
15 1 477.7
82 0 486.6
117 1 490.2
81 0 505.8
33 1 516.7
34 1 523.3
35 1 530.5
65 0 535.3
36 1 537.3
37 1 544.4
66 0 555.9
87 1 558.9
67 0 562.5
66 1 594.3
36 0 599.1
67 1 600.7
35 0 606.0
