57 0 35.4
45 1 35.9
58 0 42.2
44 1 42.8
59 0 48.9
81 1 52.2
60 0 55.8
41 1 64.6
61 0 65.6
38 1 78.0
133 0 79.9
36 1 86.8
85 0 89.1
35 1 93.6
83 1 112.4
63 0 114.2
84 1 118.5
64 0 120.4
53 1 130.0
65 0 135.8
50 0 147.2
86 1 147.6
48 0 157.6
79 1 163.3
49 0 163.9
78 1 172.8
69 0 184.2
46 1 188.4
70 0 191.6
66 1 195.2
67 1 201.5
1 0 202.8
3 0 213.4
68 1 213.9
71 1 221.1
4 0 221.1
72 1 228.0
5 0 229.0
73 1 234.8
6 0 236.8
74 1 241.8
7 0 244.8
80 1 249.2
8 0 252.5
75 1 258.4
9 0 259.9
76 1 265.1
10 0 267.2
132 0 274.6
11 0 285.3
87 1 286.3
12 0 292.8
33 1 296.0
13 0 300.7
29 1 306.4
14 0 307.6
15 0 314.5
88 1 315.6
16 0 321.1
27 1 324.7
26 1 331.5
25 1 340.3
89 0 344.0
90 0 351.1
131 1 352.4
91 0 358.5
92 0 366.5
124 1 372.6
93 0 374.1
94 0 382.2
110 1 388.2
95 0 389.3
109 1 395.3
96 0 396.1
108 1 402.8
99 0 409.0
126 1 412.8
100 0 416.5
127 1 419.7
101 0 423.6
128 1 426.5
102 0 430.7
103 0 440.7
106 1 442.9
104 1 451.6
97 1 466.9
130 0 471.9
122 1 493.3
120 1 502.6
123 1 511.6
117 0 512.3
118 1 520.5
113 0 528.3
112 0 538.2
18 1 539.8
19 1 546.5
125 0 553.3
21 1 556.9
22 1 564.1
23 1 571.8
31 0 578.9
32 0 588.1
62 1 593.1
55 1 605.8
56 0 609.1
