87 1 49.9
1 0 51.1
9 3 51.6
80 2 54.1
8 3 59.7
2 0 60.2
73 2 68.4
72 2 77.5
124 1 83.1
62 3 85.9
71 2 86.4
110 1 99.0
31 3 99.6
133 0 100.4
69 2 104.1
109 1 106.3
14 3 110.6
108 1 113.5
70 2 113.7
15 3 117.8
126 1 123.6
16 3 125.0
27 0 125.7
1 2 126.5
127 1 130.5
26 0 133.0
128 1 137.0
117 3 138.1
3 2 138.7
25 0 143.7
129 1 145.6
4 2 148.4
5 2 158.3
106 1 158.7
29 3 164.5
104 1 167.0
12 0 167.9
6 2 168.0
11 0 176.1
7 2 178.3
97 1 183.0
56 2 187.7
132 0 187.9
89 3 192.1
98 1 192.3
55 2 196.9
90 3 199.7
91 3 207.8
85 2 208.9
122 1 215.9
92 3 216.4
93 3 224.7
120 1 225.1
53 2 225.7
113 0 226.3
94 3 233.3
123 1 233.9
63 2 236.6
112 0 237.1
95 3 240.9
118 1 242.8
64 2 245.1
96 3 248.1
125 0 253.7
65 2 261.4
99 3 262.5
35 1 269.1
100 3 270.6
50 2 274.7
36 1 275.8
101 3 278.0
37 1 282.6
131 0 284.3
102 3 285.9
48 2 286.9
38 1 288.9
39 1 295.1
49 2 295.3
103 3 296.8
18 0 299.8
83 1 301.5
19 0 307.2
84 1 307.5
66 2 310.1
20 0 314.4
86 1 314.5
67 2 318.7
21 0 324.4
40 1 327.1
130 3 330.6
22 0 332.4
82 1 333.2
44 2 334.7
23 0 340.8
41 1 341.4
81 2 346.9
42 1 348.2
78 1 361.1
76 2 366.8
88 3 369.2
79 1 370.4
75 2 375.9
58 0 376.8
59 0 384.2
33 3 388.3
60 0 391.9
34 3 395.7
