87 1 60.3
1 0 62.6
80 2 66.4
9 3 68.8
2 0 69.5
33 1 69.7
8 3 77.0
73 2 78.1
3 0 78.1
31 1 80.3
4 0 86.8
72 2 87.1
56 3 88.7
12 1 90.2
71 2 96.2
55 3 96.2
11 1 97.3
5 0 106.3
133 3 107.3
132 1 107.5
69 2 113.6
6 0 114.7
58 3 116.8
70 2 123.3
7 0 123.6
59 3 123.9
1 2 136.5
56 0 138.7
17 1 142.9
61 3 143.8
55 0 146.3
3 2 148.6
18 1 149.9
19 1 156.6
133 0 156.7
4 2 158.4
62 3 160.5
21 1 167.2
5 2 168.3
29 3 174.0
22 1 174.1
6 2 178.1
23 1 181.6
88 3 184.9
7 2 188.2
25 1 190.8
27 3 196.0
8 2 198.1
89 0 198.8
26 3 203.3
90 0 206.3
9 2 207.5
118 1 210.6
91 0 214.4
10 2 216.8
119 1 217.0
92 0 222.9
120 1 223.2
131 3 224.5
121 1 229.1
93 0 231.4
56 2 234.9
15 3 235.8
123 1 239.7
94 0 240.0
55 2 244.1
117 3 246.0
95 0 247.5
116 3 254.2
96 0 254.7
53 2 256.3
124 3 265.8
63 2 267.1
99 0 269.2
35 1 270.6
64 2 275.5
36 1 277.1
100 0 277.1
125 3 280.6
37 1 284.0
101 0 284.8
38 1 290.3
113 3 291.0
65 2 291.8
102 0 292.8
39 1 296.5
112 3 301.8
83 1 302.9
103 0 303.6
50 2 305.0
84 1 308.9
110 3 313.6
85 1 315.8
48 2 317.2
109 3 321.7
49 2 325.6
86 1 329.8
108 3 329.9
130 0 337.4
66 2 340.5
126 3 342.2
40 1 345.6
67 2 349.2
127 3 349.8
128 3 357.3
43 1 357.6
129 3 367.3
44 1 369.0
41 2 373.7
81 1 378.7
106 3 383.4
82 2 384.8
104 3 393.6
46 1 398.9
97 3 413.7
79 0 416.4
76 1 419.8
78 2 423.3
98 3 424.1
75 1 426.5
78 0 427.6
76 2 434.9
75 2 444.0
122 3 455.2
77 2 460.7
79 2 470.4
