65 0 29.3
126 1 31.9
127 1 38.8
50 0 40.4
128 1 45.9
48 0 50.8
49 0 57.1
106 1 62.3
66 0 70.6
120 1 72.7
67 0 77.1
118 1 80.6
44 0 91.6
123 1 93.3
81 0 102.3
122 1 106.5
41 0 116.5
104 1 118.4
82 0 126.0
100 1 127.7
101 1 134.7
38 0 136.6
102 1 141.8
36 0 145.9
103 1 151.2
35 0 153.0
87 0 164.2
95 1 167.0
96 1 173.7
33 0 174.7
97 1 180.6
31 0 186.7
12 0 197.6
93 1 198.3
11 0 205.2
92 1 205.7
132 0 216.2
130 1 216.2
90 1 225.9
89 1 232.7
14 0 236.5
21 1 242.4
15 0 243.4
16 0 250.1
20 1 251.5
18 1 259.6
117 0 265.8
125 0 283.1
113 1 284.0
110 1 293.0
109 1 300.5
108 1 307.8
131 0 311.2
17 0 322.5
112 1 328.3
25 0 329.4
23 0 339.7
124 1 343.7
26 0 356.7
27 0 363.7
28 0 370.6
85 1 375.7
88 0 378.2
86 1 384.6
29 0 388.3
83 1 393.4
62 0 400.3
79 1 405.4
58 0 410.6
76 1 414.9
59 0 417.4
75 1 421.7
60 0 424.4
80 1 431.1
61 0 434.1
73 1 440.3
72 1 447.1
133 0 448.5
71 1 453.9
55 0 457.9
69 1 463.6
56 0 464.9
70 1 471.1
6 0 476.2
5 0 483.9
4 0 491.7
3 0 499.5
78 1 501.7
53 1 526.3
8 0 529.4
9 0 536.7
