102 0 29.4
61 1 36.0
103 0 39.1
58 1 44.8
100 0 48.8
57 1 51.7
133 1 58.4
95 0 62.4
85 1 66.8
96 0 69.2
86 1 75.9
97 0 76.3
83 1 84.6
98 0 85.8
38 1 92.6
79 1 101.7
93 0 101.8
92 0 109.5
78 1 110.8
130 0 121.4
76 1 123.5
75 1 130.2
90 0 132.2
89 0 139.3
80 1 139.6
73 1 148.8
21 0 150.0
72 1 155.7
20 0 159.6
71 1 162.5
18 0 168.8
69 1 177.0
131 0 183.6
70 1 184.4
25 0 197.8
3 1 199.7
4 1 207.2
23 0 208.3
5 1 214.6
6 1 222.2
26 0 225.6
7 1 229.8
27 0 232.6
8 1 238.0
28 0 239.7
9 1 244.8
88 0 247.6
10 1 252.2
29 0 257.8
30 0 264.6
56 1 266.8
32 0 271.6
55 1 273.7
62 0 278.9
53 1 283.1
58 0 289.1
63 1 291.5
59 0 296.0
64 1 297.8
60 0 303.2
65 1 311.2
61 0 312.9
50 1 321.4
133 0 327.5
48 1 331.2
85 0 336.8
49 1 337.4
86 0 347.1
66 1 349.7
67 1 356.1
83 0 356.8
38 0 365.3
44 1 368.5
79 0 374.9
81 1 378.2
78 0 388.8
41 1 393.8
82 0 404.0
36 0 419.9
12 1 425.0
35 0 427.0
11 1 432.2
87 0 438.0
132 1 442.3
33 0 448.7
31 0 460.9
124 1 468.5
14 0 471.7
15 0 478.7
125 1 481.3
113 1 490.4
117 0 493.6
112 1 499.6
110 1 509.8
106 0 515.4
109 1 517.2
107 0 521.6
108 1 524.3
126 0 529.0
127 0 536.1
104 1 537.6
128 0 543.1
129 0 552.7
122 1 554.0
120 1 563.4
123 1 572.1
