131 0 22.7
124 1 25.6
17 0 33.5
125 1 37.6
25 0 40.4
113 1 46.5
23 0 50.6
112 1 55.4
110 1 65.2
26 0 67.8
109 1 72.6
27 0 74.6
108 1 79.8
28 0 81.6
88 0 89.3
126 1 89.9
127 1 96.7
29 0 99.3
128 1 104.0
30 0 106.3
32 0 112.6
62 0 119.7
106 1 120.4
58 0 130.1
120 1 130.8
59 0 136.8
118 1 138.7
60 0 144.0
123 1 151.3
61 0 153.4
122 1 164.5
133 0 168.0
104 1 176.6
85 0 177.2
100 1 185.9
86 0 187.2
101 1 193.0
83 0 196.8
102 1 200.3
38 0 205.3
103 1 209.6
79 0 215.0
78 0 225.2
95 1 225.8
96 1 232.5
97 1 239.5
76 0 240.1
75 0 247.1
98 1 248.5
80 0 257.3
93 1 261.9
73 0 267.5
92 1 269.3
72 0 274.3
130 1 279.9
71 0 281.3
90 1 289.4
89 1 296.3
69 0 298.1
70 0 305.7
21 1 306.1
20 1 315.4
1 0 316.8
18 1 324.1
3 0 327.6
4 0 335.5
131 1 336.5
5 0 343.3
25 1 348.8
6 0 351.0
23 1 358.4
7 0 359.2
8 0 367.0
26 1 372.9
9 0 374.3
27 1 379.5
10 0 381.6
28 1 386.5
88 1 394.2
56 0 398.9
29 1 403.6
55 0 406.1
30 1 410.4
53 0 416.3
62 1 419.3
63 0 425.7
58 1 428.6
64 0 431.8
59 1 435.1
60 1 442.4
65 0 447.2
61 1 451.3
50 0 458.8
133 1 464.3
48 0 469.3
85 1 472.4
49 0 475.6
86 1 481.8
66 0 489.3
83 1 490.6
67 0 495.9
38 1 498.8
79 1 507.8
44 0 510.7
78 1 516.9
81 0 521.1
76 1 529.6
41 0 535.5
75 1 536.4
82 0 545.0
80 1 545.7
73 1 555.2
36 0 561.0
72 1 562.0
35 0 567.9
71 1 568.7
87 0 579.3
69 1 583.0
33 0 589.8
70 1 590.3
31 0 601.7
3 1 605.2
4 1 612.6
12 0 612.7
11 0 620.1
5 1 620.1
6 1 627.5
132 0 631.2
7 1 635.4
8 1 642.9
9 1 650.1
14 0 651.8
10 1 657.3
15 0 658.6
56 1 671.6
117 0 673.3
55 1 678.6
124 0 687.3
53 1 688.0
