123 1 45.7
1 0 48.8
126 2 49.2
10 3 49.2
118 1 55.4
2 0 56.0
11 3 59.1
29 2 60.8
119 1 61.9
3 0 64.3
120 1 68.9
8 3 69.0
28 2 69.8
4 0 72.9
121 1 75.4
27 2 79.1
12 3 80.5
5 0 81.4
122 1 88.1
13 3 88.4
6 0 89.7
25 2 91.9
14 3 96.2
32 1 97.7
7 0 98.6
26 2 101.5
15 3 104.1
31 1 104.4
8 0 106.7
16 3 111.4
126 1 114.0
9 0 114.2
1 2 114.4
130 3 118.3
10 0 121.7
29 1 123.4
131 3 125.1
3 2 126.7
28 1 129.9
11 0 131.8
4 2 136.5
27 1 136.6
17 3 137.9
5 2 146.5
25 1 146.5
129 3 146.6
12 0 148.9
26 1 153.8
6 2 156.3
13 0 156.7
18 3 159.1
1 1 164.4
14 0 164.7
7 2 166.3
19 3 167.5
15 0 172.5
3 1 173.8
20 3 175.1
8 2 176.2
16 0 180.4
4 1 181.2
21 3 181.8
9 2 185.2
130 0 187.0
5 1 188.4
22 3 194.0
131 0 194.1
10 2 194.9
6 1 195.9
127 3 201.6
7 1 203.6
11 2 206.2
17 0 207.0
128 3 208.9
129 0 216.2
10 1 216.7
23 3 222.1
12 2 223.2
11 1 225.6
18 0 229.0
24 3 229.8
13 2 232.3
19 0 237.6
12 1 239.6
37 3 240.3
14 2 241.6
20 0 245.4
13 1 246.2
15 2 251.4
21 0 251.9
38 3 252.2
14 1 252.9
16 2 260.2
15 1 260.8
22 0 264.3
16 1 266.9
34 3 268.2
130 2 269.2
127 0 271.9
131 2 277.8
128 0 279.0
17 1 281.9
39 3 285.1
129 1 289.4
17 2 291.8
40 3 292.4
23 0 292.7
125 3 300.4
24 0 300.6
18 1 300.9
129 2 302.1
19 1 308.1
41 3 310.0
37 0 311.5
20 1 315.5
18 2 315.6
42 3 317.2
21 1 321.2
38 0 323.6
43 3 324.0
19 2 325.3
22 1 332.1
124 3 332.3
20 2 335.1
127 1 338.9
34 0 339.5
21 2 343.2
132 3 343.6
128 1 344.9
133 3 354.2
23 1 355.8
39 0 356.7
127 2 359.3
40 0 364.2
45 3 364.3
128 2 367.3
37 1 368.1
46 3 371.5
125 0 371.9
38 1 377.8
47 3 379.6
41 0 381.6
42 0 389.0
37 2 389.6
48 3 390.7
34 1 391.3
43 0 395.8
38 2 402.1
124 0 403.8
39 1 405.0
49 3 407.9
40 1 411.5
132 0 415.0
50 3 415.8
34 2 418.1
125 1 418.3
51 3 423.4
133 0 426.1
42 1 429.5
52 3 431.1
39 2 434.7
43 1 435.2
45 0 436.3
53 3 438.9
124 1 442.9
46 0 443.3
40 2 444.0
54 3 448.0
47 0 451.5
132 1 452.4
55 3 456.2
41 2 457.7
133 1 461.7
48 0 462.0
56 3 464.7
42 2 467.1
45 1 470.4
115 3 473.5
43 2 475.3
46 1 476.7
49 0 479.2
47 1 484.1
124 2 485.0
57 3 485.6
50 0 487.2
58 3 494.1
132 2 497.5
52 0 498.4
59 3 502.2
49 1 503.1
53 0 506.1
133 2 509.4
50 1 510.0
60 3 510.9
54 0 515.0
52 1 519.5
61 3 519.5
45 2 520.9
55 0 523.3
53 1 526.3
62 3 528.2
46 2 529.7
56 0 531.9
54 1 534.2
63 3 535.6
47 2 539.7
115 0 540.8
55 1 541.4
64 3 543.8
48 2 551.2
57 0 552.5
65 3 553.9
58 0 561.2
59 1 563.3
49 2 568.3
59 0 569.4
60 1 570.6
66 3 571.4
60 0 577.8
50 2 577.9
61 1 578.2
67 3 579.1
62 1 585.8
61 0 586.5
68 3 586.9
52 2 589.9
63 1 592.5
69 3 595.4
62 0 595.4
53 2 598.9
64 1 599.7
63 0 602.6
70 3 602.6
54 2 609.5
113 3 609.9
65 0 616.8
114 3 617.0
66 1 618.3
55 2 619.2
67 1 625.1
56 2 629.0
71 3 629.9
68 1 632.1
66 0 634.0
112 3 638.8
115 2 639.0
69 1 639.5
67 0 641.8
70 1 646.1
68 0 649.4
57 2 651.5
72 3 651.8
113 1 652.3
69 0 657.6
114 1 658.7
73 3 660.3
58 2 661.3
70 0 665.2
74 3 667.8
71 1 669.8
59 2 671.1
113 0 672.4
75 3 674.6
112 1 677.5
114 0 679.3
60 2 680.9
76 3 686.7
72 1 688.5
61 2 690.9
71 0 692.2
110 3 694.2
73 1 695.8
62 2 700.7
112 0 701.2
111 3 701.2
74 1 702.8
75 1 708.9
63 2 709.8
72 0 713.8
77 3 714.6
76 1 719.2
64 2 719.7
73 0 722.5
110 1 726.2
78 3 728.6
74 0 730.0
65 2 730.9
111 1 732.5
79 3 736.1
75 0 736.6
109 3 744.8
66 2 748.1
76 0 749.1
78 1 750.9
110 0 756.7
67 2 757.2
80 3 757.7
79 1 757.8
111 0 763.9
109 1 765.5
81 3 765.5
68 2 766.5
82 3 773.0
80 1 776.0
69 2 776.6
77 0 777.3
108 3 780.6
81 1 783.5
70 2 785.3
82 1 790.1
83 3 790.7
78 0 791.3
113 2 794.3
108 1 797.3
84 3 797.8
79 0 799.2
114 2 803.1
85 3 804.5
83 1 805.5
109 0 807.7
84 1 812.6
107 3 812.8
71 2 816.7
85 1 818.6
80 0 820.1
134 3 824.2
107 1 825.6
112 2 826.7
81 0 828.4
135 3 834.8
134 1 835.3
82 0 835.7
72 2 840.3
108 0 843.4
87 3 844.9
73 2 850.0
88 3 852.4
83 0 853.3
89 1 853.7
74 2 859.5
84 0 861.0
90 3 864.0
85 0 867.7
75 2 867.9
91 1 872.8
107 0 876.2
92 1 880.2
76 2 880.8
91 3 884.6
134 0 887.2
93 1 887.6
110 2 889.9
92 3 892.9
106 1 895.8
135 0 897.5
111 2 898.6
93 3 901.3
87 0 907.4
94 1 910.2
77 2 912.4
88 0 914.5
97 1 917.8
94 3 918.0
89 0 922.4
95 3 925.5
78 2 926.3
98 1 929.2
90 0 932.9
96 3 933.1
79 2 935.5
99 1 936.3
97 3 940.4
100 1 943.4
109 2 945.2
91 0 950.5
98 3 955.9
101 1 956.3
80 2 958.4
92 0 958.8
102 1 962.9
99 3 964.0
93 0 967.4
81 2 968.0
103 1 969.6
100 3 971.6
106 0 976.4
105 1 976.9
82 2 977.0
108 2 986.2
104 1 986.3
101 3 988.3
94 0 988.5
102 3 995.7
95 0 996.1
116 1 996.8
83 2 996.8
