31 0 38.4
86 1 38.4
100 2 39.1
83 1 47.2
101 2 47.5
12 0 49.4
38 1 55.2
102 2 56.4
11 0 56.8
79 1 64.2
103 2 67.5
132 0 67.8
78 1 73.5
95 2 85.8
76 1 86.1
14 0 88.3
75 1 92.8
96 2 94.1
15 0 95.1
16 0 101.9
80 1 102.3
97 2 102.8
73 1 111.7
98 2 113.7
117 0 114.0
72 1 118.3
71 1 125.0
124 0 127.8
93 2 129.5
92 2 138.6
69 1 139.0
125 0 141.9
70 1 146.2
130 2 151.1
113 0 151.5
3 1 160.9
112 0 161.2
90 2 162.7
4 1 168.2
89 2 171.3
110 0 172.0
5 1 175.9
109 0 179.7
21 2 182.8
6 1 183.2
108 0 187.4
7 1 191.1
20 2 193.7
8 1 198.5
126 0 198.6
18 2 203.7
127 0 205.6
9 1 205.7
128 0 212.4
10 1 212.8
131 2 218.1
129 0 221.7
56 1 227.1
25 2 232.1
55 1 234.0
106 0 236.5
53 1 243.4
23 2 243.4
120 0 248.4
63 1 252.0
118 0 257.0
64 1 258.3
26 2 260.0
27 2 268.5
65 1 271.1
123 0 271.8
28 2 277.1
50 1 281.4
88 2 286.3
122 0 287.1
48 1 290.8
29 2 297.2
49 1 297.3
104 0 301.2
30 2 305.7
66 1 308.8
100 0 311.3
32 2 313.8
67 1 315.3
101 0 318.4
62 2 322.6
102 0 325.8
44 1 327.8
58 2 333.7
103 0 335.8
81 1 337.2
59 2 342.1
41 1 349.6
60 2 350.8
95 0 354.9
61 2 361.6
96 0 361.6
36 1 367.0
97 0 368.6
35 1 373.8
133 2 376.3
98 0 378.3
87 1 383.9
85 2 386.5
33 1 393.2
93 0 394.4
86 2 397.7
