20 1 30.0
31 0 32.9
19 1 36.7
18 1 43.1
12 0 44.0
11 0 51.5
131 1 55.4
132 0 62.5
25 1 67.1
23 1 76.7
14 0 82.9
26 1 91.1
27 1 97.9
15 0 99.1
28 1 104.8
16 0 106.1
35 1 121.7
21 0 123.2
36 1 128.4
22 0 130.8
37 1 135.7
89 0 138.4
79 1 143.7
90 0 145.8
91 0 153.1
78 1 153.8
130 0 161.1
76 1 166.7
75 1 173.3
92 0 173.4
93 0 181.4
73 1 188.1
94 0 189.5
72 1 194.8
95 0 196.9
71 1 201.9
96 0 203.6
97 0 211.1
69 1 216.1
98 0 220.5
70 1 223.5
99 0 236.2
3 1 238.3
100 0 243.8
4 1 245.6
101 0 250.8
5 1 253.3
102 0 258.5
6 1 260.9
7 1 268.3
103 0 268.6
8 1 276.5
9 1 283.5
104 0 284.7
10 1 290.7
105 0 291.5
106 0 298.4
107 0 304.9
56 1 305.2
55 1 312.1
126 0 312.5
127 0 319.7
53 1 321.8
128 0 326.9
63 1 330.4
129 0 336.3
64 1 336.6
65 1 350.1
108 0 352.7
109 0 360.5
50 1 360.6
110 0 368.0
49 1 371.9
111 0 375.7
112 0 383.7
66 1 383.9
67 1 390.2
113 0 393.5
114 0 399.7
44 1 403.0
125 0 407.6
81 1 413.0
115 0 418.5
41 1 426.3
124 0 426.7
116 0 437.8
83 1 440.6
118 0 444.9
84 1 446.8
119 0 451.2
85 1 454.1
120 0 457.7
133 1 463.6
121 0 463.8
58 1 471.7
59 1 478.3
122 0 479.3
60 1 485.6
61 1 495.0
123 0 495.4
117 0 510.2
38 1 522.8
29 0 529.3
88 0 540.2
87 1 548.1
32 0 555.7
