13 3 63.4
124 0 64.9
132 1 66.0
39 2 66.3
12 3 70.9
38 2 74.5
11 1 75.4
125 0 79.0
36 2 84.7
9 3 88.2
12 1 88.5
113 0 88.5
35 2 93.3
8 3 95.4
13 1 96.0
112 0 98.4
87 2 105.0
110 0 109.2
131 1 109.3
133 3 114.7
33 2 116.6
109 0 116.8
17 1 119.4
62 3 123.9
108 0 124.5
18 1 126.4
19 1 133.3
126 0 135.7
31 3 136.2
127 0 142.7
21 1 143.6
14 3 146.4
124 2 148.0
128 0 149.5
22 1 150.8
15 3 153.1
89 1 158.1
129 0 158.8
16 3 159.8
125 2 162.1
90 1 165.1
117 3 171.9
91 1 172.3
113 2 173.1
106 0 173.7
92 1 179.9
118 3 181.0
112 2 183.8
120 0 185.6
93 1 187.2
119 3 187.6
94 1 194.8
110 2 195.6
123 0 196.8
95 1 201.9
109 2 204.6
96 1 208.7
108 2 213.7
104 0 214.4
99 1 220.0
58 3 222.3
126 2 225.9
59 3 229.0
127 2 234.4
60 3 236.2
97 0 237.8
128 2 243.0
61 3 245.7
98 0 247.4
129 2 253.5
58 1 261.9
59 1 268.4
29 3 269.3
102 0 273.6
27 3 279.1
103 0 283.6
26 3 286.0
29 2 294.0
25 3 295.8
27 2 305.0
23 3 311.3
26 2 313.3
130 0 314.8
88 2 331.9
122 1 342.0
63 2 363.2
85 3 365.1
64 2 371.2
88 1 373.2
85 0 375.2
53 3 380.8
83 0 384.4
65 2 386.3
40 0 393.3
79 1 398.8
82 0 399.7
50 3 402.5
78 1 408.2
48 2 409.7
49 3 415.5
86 0 416.0
41 1 417.4
48 3 421.9
66 2 425.2
43 1 431.0
53 0 431.8
67 2 433.2
81 1 438.4
69 3 439.5
63 0 440.9
70 3 446.9
64 0 447.1
44 2 448.1
68 1 454.8
1 3 458.1
71 1 461.8
65 0 462.6
68 2 463.5
72 1 468.6
3 3 468.7
69 2 472.9
50 0 473.9
73 1 475.4
4 3 476.4
70 2 481.9
74 1 482.5
5 3 484.2
48 0 484.5
75 1 489.5
49 0 490.7
6 3 492.1
1 2 493.9
76 1 496.3
3 2 505.1
