57 0 50.1
122 3 52.4
58 0 56.8
20 1 56.8
124 2 58.1
59 0 64.6
21 1 66.1
104 3 66.4
22 1 72.9
110 2 76.1
89 1 80.0
85 0 81.3
97 3 85.0
109 2 85.2
90 1 86.9
83 0 90.7
91 1 94.1
108 2 94.2
98 3 94.8
38 0 99.5
92 1 101.8
36 0 109.1
93 1 109.2
118 2 115.6
35 0 116.1
94 1 116.8
106 3 118.6
95 1 124.0
107 3 124.8
117 2 126.1
96 1 130.7
126 3 132.5
79 0 135.9
127 3 139.7
99 1 142.2
78 0 146.6
128 3 146.7
100 1 149.7
129 3 156.0
101 1 156.5
43 0 157.2
76 2 163.2
102 1 164.0
41 0 168.4
75 2 171.7
103 1 173.1
82 0 178.1
120 3 178.8
80 2 183.3
123 3 188.9
86 0 194.2
73 2 194.4
72 2 202.9
23 1 210.2
53 0 210.7
71 2 211.4
12 3 213.0
24 1 217.3
63 0 220.0
11 3 220.6
69 2 223.6
25 1 224.7
64 0 226.0
132 3 231.8
70 2 232.6
26 1 237.4
9 3 242.1
65 0 242.1
27 1 244.3
8 3 249.3
28 1 251.1
50 0 253.7
46 2 260.6
29 1 263.2
30 1 270.0
48 2 271.3
60 3 279.0
33 1 279.1
49 2 279.4
3 0 284.3
34 1 285.5
61 3 288.8
4 0 292.0
66 2 293.3
87 1 293.6
5 0 299.8
67 2 301.5
62 1 307.3
6 0 307.7
7 0 316.3
44 2 316.5
133 1 316.6
56 0 323.3
81 2 328.0
55 0 330.4
31 1 334.6
131 1 350.0
113 3 352.6
112 3 362.5
15 0 362.7
18 1 362.9
16 0 369.1
15 2 372.5
125 3 377.6
18 0 380.7
