129 0 56.5
3 1 56.6
124 2 56.9
4 1 64.0
126 0 65.8
125 2 70.9
5 1 71.5
106 0 75.4
6 1 78.9
113 2 81.7
7 1 86.7
120 0 87.3
112 2 92.4
8 1 94.2
118 0 96.0
9 1 101.4
110 2 104.3
10 1 108.6
123 0 110.6
109 2 113.3
108 2 122.4
56 1 122.8
55 1 129.7
122 0 134.5
53 1 139.1
63 1 147.5
64 1 153.9
128 0 158.9
35 2 165.3
65 1 166.8
36 2 173.8
50 1 177.2
104 0 178.9
37 2 182.5
48 1 186.5
100 0 189.1
79 2 191.7
49 1 192.9
101 0 196.2
78 2 202.9
102 0 203.5
66 1 204.6
103 0 213.5
41 2 214.6
68 1 219.8
82 2 224.2
69 1 227.6
95 0 232.7
70 1 234.8
96 0 239.4
76 2 243.4
97 0 246.5
75 2 251.8
98 0 256.2
44 1 259.0
80 2 263.0
93 0 272.0
73 2 274.1
38 1 276.2
92 0 279.7
72 2 282.5
83 1 287.6
71 2 291.1
130 0 291.5
84 1 293.9
86 1 301.2
90 0 302.5
81 2 309.4
89 0 309.6
85 1 312.8
21 0 320.2
133 1 321.7
58 1 329.9
20 0 330.0
38 2 333.7
59 1 336.5
18 0 338.8
60 1 343.5
83 2 347.3
61 1 352.5
131 0 353.1
84 2 355.3
85 2 364.0
62 1 365.5
25 0 366.9
133 2 374.9
31 1 376.4
23 0 377.2
62 2 385.0
12 1 386.0
11 1 393.5
26 0 394.3
27 0 401.2
12 2 403.4
132 1 403.4
28 0 408.1
11 2 412.5
88 0 415.7
14 1 420.0
132 2 424.2
29 0 425.7
117 1 426.9
30 0 432.7
31 0 440.1
15 1 447.0
33 0 458.3
34 0 465.0
33 1 465.9
