123 1 35.3
10 3 37.5
1 0 37.9
126 2 41.5
118 1 45.0
119 1 51.6
120 1 58.5
127 0 72.8
132 2 76.9
128 0 80.2
133 2 88.4
37 0 95.5
100 1 98.4
45 2 99.1
57 3 102.9
38 0 107.3
46 2 108.0
58 3 111.5
81 1 113.3
47 2 117.4
59 3 119.8
82 1 119.9
34 0 122.2
60 3 128.3
48 2 128.9
83 1 130.1
84 1 136.3
61 3 137.0
39 0 138.8
85 1 142.4
62 3 145.1
49 2 145.4
40 0 146.2
107 1 149.5
63 3 152.5
125 0 153.3
50 2 154.8
134 1 158.7
64 3 159.8
41 0 162.6
51 2 163.3
69 1 167.9
42 0 169.5
65 3 169.8
52 2 172.8
70 1 174.5
43 0 176.2
53 2 182.0
124 0 184.3
135 1 185.5
66 3 186.9
54 2 192.0
87 1 193.9
67 3 194.7
121 0 199.0
88 1 200.4
55 2 201.6
68 3 202.4
122 0 209.6
56 2 211.5
91 1 212.3
92 1 219.5
32 0 220.7
89 3 220.9
93 1 227.1
31 0 228.4
90 3 231.4
106 1 234.9
126 0 239.8
109 2 243.8
94 1 244.6
29 0 250.4
95 1 251.2
113 3 257.7
28 0 257.8
96 1 257.9
97 1 264.3
114 3 264.7
27 0 265.1
104 2 268.3
71 3 276.8
98 1 277.1
102 2 280.2
112 3 285.8
101 2 294.6
72 3 298.0
73 3 306.7
105 2 309.0
130 1 312.3
74 3 313.9
131 1 318.5
75 3 320.8
116 2 327.3
17 1 328.7
76 3 332.4
117 2 336.1
129 1 336.2
110 3 339.7
13 0 339.7
18 1 346.4
111 3 347.0
14 0 347.2
19 1 353.8
132 0 354.9
77 3 359.6
20 1 360.5
21 1 366.7
78 3 367.0
8 2 368.0
133 0 371.6
79 3 374.6
9 2 377.1
45 0 381.3
25 1 383.8
11 2 386.2
46 0 388.5
26 1 391.0
47 0 396.2
3 1 401.3
48 0 406.7
4 1 408.7
115 3 409.5
15 2 410.9
5 1 416.0
16 2 420.0
49 0 423.4
6 1 423.4
7 1 431.0
50 0 431.5
130 2 432.7
