87 1 63.6
1 0 65.5
9 3 68.9
80 2 69.0
2 0 72.7
33 1 73.0
8 3 77.0
73 2 81.1
3 0 81.4
31 1 84.1
56 3 88.8
4 0 89.8
72 2 90.1
12 1 94.2
55 3 96.5
5 0 98.2
71 2 99.1
11 1 101.4
6 0 106.5
53 3 107.8
132 1 111.6
69 2 117.2
70 2 126.9
14 1 129.5
15 1 136.6
1 2 140.2
7 0 141.5
16 1 142.8
85 3 150.0
3 2 152.5
117 1 154.1
11 0 161.4
4 2 162.2
133 3 166.5
5 2 172.2
12 0 175.7
113 1 176.4
62 3 176.6
6 2 182.1
13 0 184.0
112 1 185.6
31 3 190.9
7 2 192.0
125 1 199.2
8 2 202.3
9 2 211.7
10 2 221.1
56 2 239.8
133 0 240.7
121 1 244.0
55 2 249.0
104 3 253.5
122 1 256.9
38 0 264.4
83 2 266.0
123 1 270.7
97 3 274.0
79 0 275.5
36 2 281.5
98 3 284.7
78 0 286.7
35 2 290.4
131 1 293.1
41 0 297.7
106 3 310.4
29 2 311.4
107 3 317.3
126 3 325.4
88 2 328.0
127 3 333.0
27 2 340.0
128 3 340.7
60 0 342.7
89 1 344.4
26 2 349.0
129 3 350.9
90 1 351.2
61 0 353.4
91 1 358.2
25 2 360.8
92 1 366.0
93 1 373.6
94 1 380.9
95 1 388.0
96 1 394.3
88 0 395.1
27 0 406.2
99 1 406.4
100 1 413.7
26 0 413.7
133 2 416.5
101 1 420.3
23 0 425.2
76 3 427.4
102 1 427.4
75 3 434.9
50 2 436.4
89 0 436.7
103 1 436.8
90 0 444.2
91 0 452.3
44 2 453.6
130 0 461.2
81 3 465.6
92 0 473.8
44 3 477.1
86 2 480.7
93 0 482.2
45 3 484.4
94 0 490.7
46 3 492.3
95 0 498.6
82 2 498.6
47 3 499.8
96 0 506.0
48 3 506.8
97 0 513.8
49 3 513.8
76 2 519.9
98 0 524.5
75 2 529.0
99 0 548.1
100 0 559.3
81 2 567.0
101 0 570.2
102 0 583.5
66 2 597.9
103 0 600.4
67 2 610.6
48 2 632.9
106 0 635.0
107 0 644.5
126 0 656.2
65 2 662.9
127 0 665.9
128 0 675.8
129 0 689.5
60 2 704.6
108 0 713.3
61 2 721.2
109 0 724.4
110 0 736.7
111 0 747.4
115 0 766.5
18 2 777.2
19 2 788.5
17 0 797.7
21 2 807.2
18 0 808.1
19 0 818.8
22 2 820.5
23 2 833.8
21 0 835.8
