97 0 17.7
98 0 27.1
95 0 36.4
93 0 47.2
92 0 54.9
130 0 66.7
90 0 77.6
89 0 84.7
21 0 95.4
20 0 105.1
18 0 114.0
131 0 128.4
25 0 142.2
23 0 152.5
26 0 169.6
27 0 176.5
28 0 183.5
88 0 191.0
29 0 201.0
30 0 208.1
32 0 214.5
62 0 221.6
58 0 231.8
59 0 238.6
60 0 245.8
61 0 255.5
133 0 269.9
85 0 278.9
86 0 289.2
83 0 298.6
38 0 307.2
79 0 316.9
78 0 327.1
76 0 342.0
75 0 348.9
80 0 359.2
73 0 369.2
72 0 376.2
71 0 383.1
69 0 399.6
70 0 407.0
1 0 418.5
3 0 429.1
4 0 436.9
5 0 444.6
6 0 452.5
7 0 460.6
8 0 468.7
9 0 475.8
10 0 483.2
56 0 500.6
55 0 507.8
53 0 518.2
63 0 527.4
64 0 533.5
65 0 549.4
50 0 560.8
48 0 571.4
49 0 577.7
66 0 591.1
67 0 597.6
44 0 612.2
81 0 622.6
41 0 637.0
82 0 646.5
36 0 662.4
35 0 669.5
87 0 680.4
33 0 691.0
31 0 702.7
12 0 713.7
11 0 721.2
132 0 732.3
14 0 752.7
15 0 759.6
117 0 774.1
124 0 787.9
125 0 802.1
113 0 811.8
112 0 821.5
110 0 832.5
109 0 840.0
108 0 847.8
126 0 858.9
127 0 866.0
128 0 872.7
129 0 882.2
106 0 896.9
120 0 908.7
118 0 917.3
123 0 932.5
122 0 947.6
104 0 961.8
100 0 971.9
101 0 979.0
102 0 986.3
103 0 996.3
