121 0 33.8
132 1 33.8
120 0 39.9
11 1 43.3
118 0 48.3
12 1 50.6
13 1 58.2
123 0 63.3
14 1 65.3
15 1 72.5
122 0 78.8
16 1 78.8
117 1 89.9
104 0 93.2
124 1 102.0
100 0 103.6
101 0 110.6
125 1 114.8
102 0 118.3
113 1 124.1
103 0 129.1
112 1 133.4
110 1 143.8
95 0 148.7
109 1 151.1
96 0 155.5
108 1 158.3
97 0 162.6
126 1 168.3
127 1 175.4
98 0 175.9
106 0 199.5
107 0 205.8
31 1 205.9
29 1 215.4
128 0 219.0
27 1 224.8
129 0 228.6
26 1 231.6
88 1 247.7
93 0 258.7
62 1 263.5
92 0 266.3
33 1 277.3
130 0 278.4
34 1 284.0
90 0 289.4
87 1 292.3
89 0 296.7
35 1 302.1
23 0 307.4
36 1 308.8
24 0 315.0
37 1 316.1
25 0 322.2
79 1 323.8
78 1 333.5
76 1 346.5
75 1 353.3
9 0 355.5
8 0 362.8
80 1 363.0
73 1 372.3
56 0 373.6
72 1 379.1
55 0 380.8
71 1 386.0
133 0 390.8
69 1 396.1
58 0 399.6
70 1 403.4
59 0 406.4
60 0 413.5
61 0 423.5
46 1 428.0
48 1 436.8
49 1 442.9
85 0 443.0
66 1 455.3
53 0 459.1
67 1 461.5
63 0 468.5
44 1 474.4
64 0 474.7
81 1 484.3
65 0 490.5
41 1 497.0
50 0 502.5
83 1 511.6
84 1 517.7
86 1 525.1
3 0 533.2
38 1 537.3
4 0 541.0
5 0 548.8
6 0 556.7
131 1 568.9
18 0 600.2
19 0 607.0
