2 0 28.5
3 0 37.0
12 1 40.1
4 0 45.6
13 1 46.9
14 1 53.8
5 0 54.0
15 1 60.8
6 0 62.3
102 2 66.5
16 1 67.4
7 0 71.2
17 1 74.7
101 2 75.5
8 0 79.0
129 1 82.2
9 0 86.5
100 2 87.2
130 1 94.2
11 0 94.2
131 1 99.9
109 2 102.6
132 1 114.9
81 2 117.9
124 1 124.1
82 2 127.0
47 0 131.5
42 1 132.7
108 2 136.0
48 0 141.9
125 1 142.8
83 2 146.7
39 1 151.0
36 1 160.9
67 2 164.7
34 1 170.6
66 2 174.1
54 0 175.4
122 1 180.0
55 0 183.6
62 2 186.4
121 1 189.2
56 0 192.2
63 2 195.6
115 0 200.2
119 1 200.8
64 2 204.5
118 1 207.6
65 2 215.7
123 1 217.5
116 1 227.2
74 0 230.5
60 2 233.2
51 1 235.4
75 0 237.5
52 1 242.2
59 2 243.0
53 1 249.0
110 0 251.9
58 2 252.7
111 0 258.9
104 1 261.0
57 2 262.5
78 0 275.0
79 0 282.5
84 1 285.4
85 1 291.4
72 2 292.4
107 1 298.6
112 2 305.6
134 1 307.8
135 1 316.8
113 2 320.3
87 1 324.7
114 2 328.8
18 0 331.1
88 1 331.1
19 0 339.7
69 2 341.5
91 1 343.2
20 0 347.0
92 1 350.3
21 0 353.8
93 1 357.9
89 2 361.7
22 0 365.3
106 1 365.5
127 0 372.5
90 2 373.4
94 1 375.4
128 0 380.0
95 1 381.9
23 0 392.6
24 0 400.0
97 2 401.6
49 1 410.1
37 0 410.3
98 2 413.2
45 1 419.4
38 0 421.9
46 1 425.9
105 2 433.1
133 1 436.7
32 0 443.0
31 0 450.3
47 1 455.0
123 2 459.7
29 0 461.4
48 1 463.9
28 0 468.7
27 0 476.1
121 2 479.1
25 0 488.1
100 1 495.3
26 0 496.4
78 1 507.3
29 2 507.7
28 2 516.7
54 1 519.0
27 2 525.7
55 1 526.0
56 1 533.5
25 2 538.3
57 1 545.7
26 2 547.9
129 0 552.0
58 1 552.9
59 1 560.2
3 2 561.1
130 0 566.5
60 1 567.6
4 2 570.8
131 0 573.1
61 1 575.2
5 2 580.8
62 1 582.4
63 1 589.1
6 2 590.7
132 0 591.6
64 1 595.9
7 2 600.7
124 0 602.7
65 1 604.5
8 2 610.2
42 0 612.6
66 1 618.0
9 2 619.5
67 1 624.8
125 0 624.9
11 2 628.4
39 0 634.4
89 1 641.9
12 2 645.2
90 1 650.9
13 2 654.5
122 0 660.0
14 2 663.8
69 1 667.3
121 0 670.9
15 2 673.2
70 1 674.1
113 1 680.5
16 2 682.3
119 0 685.5
114 1 686.5
130 2 690.9
118 0 693.1
71 1 697.1
131 2 699.2
112 1 704.4
123 0 705.0
17 2 712.6
72 1 714.9
116 0 716.4
73 1 722.3
129 2 722.5
74 1 728.9
75 1 734.9
18 2 735.7
104 0 742.8
76 1 744.8
19 2 745.5
110 1 751.2
102 0 753.7
20 2 754.4
111 1 757.7
101 0 761.1
21 2 763.1
100 0 771.6
22 2 775.4
109 1 775.5
127 2 784.2
81 1 788.2
128 2 793.1
82 1 794.6
81 0 798.1
108 1 801.3
82 0 805.5
23 2 806.5
108 0 812.7
37 2 820.3
83 0 821.9
105 1 827.8
84 0 828.8
38 2 832.3
85 0 835.4
107 0 843.7
34 2 847.5
134 0 854.4
18 1 859.7
39 2 863.9
67 0 865.4
19 1 867.1
40 2 872.9
66 0 873.3
20 1 873.6
21 1 879.9
125 2 881.9
62 0 884.6
22 1 889.7
63 0 892.1
42 2 894.4
127 1 896.0
64 0 899.4
128 1 902.5
43 2 902.9
65 0 909.4
124 2 912.2
23 1 913.3
24 1 919.7
132 2 924.3
60 0 927.2
37 1 928.6
59 0 935.6
133 2 935.7
38 1 938.1
58 0 944.0
45 2 946.5
57 0 952.6
32 1 954.9
46 2 955.3
31 1 961.4
47 2 964.4
29 1 970.6
48 2 976.1
28 1 977.2
27 1 983.8
72 0 985.9
49 2 992.6
25 1 993.7
112 0 998.3
26 1 1000.9
52 2 1006.6
3 1 1011.2
113 0 1012.9
4 1 1018.6
114 0 1019.7
5 1 1026.0
115 2 1028.4
69 0 1031.6
6 1 1033.3
135 0 1041.4
11 1 1047.9
87 0 1051.4
74 2 1055.8
88 0 1058.6
75 2 1064.3
89 0 1066.2
90 0 1076.8
110 2 1079.0
111 2 1087.8
91 0 1094.2
92 0 1102.7
78 2 1103.4
93 0 1111.3
106 0 1119.9
107 2 1130.3
94 0 1131.7
95 0 1139.0
96 0 1146.8
97 0 1153.9
91 2 1161.5
98 0 1169.0
92 2 1171.1
93 2 1181.1
105 0 1190.3
106 2 1191.3
94 2 1203.8
95 2 1213.0
