39 2 59.4
132 1 61.5
13 3 62.2
124 0 63.5
38 2 67.6
12 3 69.7
125 0 77.3
11 3 77.4
36 2 77.8
35 2 86.3
87 2 98.1
65 1 99.4
113 0 104.5
131 3 107.1
33 2 109.6
50 1 109.7
112 0 114.5
48 1 119.1
29 2 121.9
110 0 125.4
49 1 125.5
27 2 132.7
109 0 132.9
9 3 136.5
66 1 137.1
108 0 140.5
26 2 141.2
67 1 143.6
8 3 143.8
126 0 151.7
56 3 154.6
44 1 156.1
127 0 158.8
55 3 161.7
81 1 165.4
128 0 165.7
133 3 171.4
88 2 173.9
129 0 174.9
41 1 177.8
58 3 180.3
59 3 187.0
106 0 189.7
83 1 195.8
60 3 197.1
104 0 198.9
84 1 202.1
61 3 206.7
93 0 213.0
18 2 218.7
92 0 220.8
62 3 222.1
19 2 227.0
31 3 234.6
21 2 241.3
95 0 244.7
22 2 250.2
96 0 251.4
117 3 257.7
89 2 259.3
97 0 259.3
90 2 268.0
98 0 269.3
100 1 270.7
113 3 273.7
91 2 276.8
101 1 277.6
112 3 283.5
110 3 294.4
121 0 298.2
102 2 302.0
109 3 302.0
123 1 303.4
120 0 304.5
108 3 309.7
103 2 313.0
120 3 327.8
118 3 336.3
23 2 347.8
73 1 350.0
6 0 355.1
72 1 356.7
5 0 362.8
71 1 363.5
4 0 370.8
53 3 372.4
69 1 373.3
3 0 378.6
70 1 380.7
63 3 381.7
79 2 384.1
64 3 388.0
78 2 395.3
85 3 405.0
76 2 410.3
80 1 415.4
53 0 417.0
75 2 418.7
63 0 426.1
64 0 432.4
85 1 442.2
123 3 452.9
85 2 454.1
122 3 468.1
