64 3 53.4
68 1 57.3
82 0 58.0
116 2 59.0
63 3 59.0
46 1 68.0
83 0 71.6
65 3 72.4
124 2 73.8
47 1 74.8
84 0 77.9
48 1 81.2
50 3 84.1
86 0 85.2
49 1 87.6
110 2 91.8
66 1 99.4
109 2 100.8
133 0 100.8
67 1 106.0
58 0 109.7
108 2 109.9
3 3 114.4
59 0 116.4
44 1 118.4
126 2 121.8
4 3 122.1
81 1 127.7
62 0 129.4
5 3 130.0
127 2 130.4
6 3 137.8
128 2 139.1
31 0 142.2
76 1 143.8
7 3 145.9
129 2 149.8
75 1 150.7
56 3 153.4
29 0 158.6
80 1 160.4
55 3 160.5
106 2 165.0
73 1 169.5
88 0 169.5
104 2 175.2
72 1 176.3
71 1 183.1
33 0 186.9
97 2 193.0
69 1 193.1
34 0 193.6
70 1 200.4
87 0 201.9
98 2 203.9
89 3 204.4
1 1 210.5
90 3 211.4
35 0 212.9
91 3 218.8
36 0 220.0
92 3 227.0
37 0 227.0
122 2 230.0
8 1 233.3
38 0 233.8
93 3 234.5
9 1 240.5
120 2 241.3
94 3 242.6
10 1 247.6
79 0 248.1
95 3 249.9
123 2 252.3
11 1 255.3
96 3 256.7
78 0 258.2
12 1 262.5
118 2 263.2
43 0 268.7
99 3 269.7
13 1 270.1
117 2 273.5
100 3 277.3
41 0 279.6
101 3 284.2
113 1 288.2
15 2 289.3
102 3 291.6
112 1 297.4
16 2 297.5
103 3 301.7
17 2 306.8
125 1 310.3
60 0 314.0
18 2 315.8
61 0 323.7
19 2 324.2
130 3 332.9
21 2 336.7
132 1 339.0
22 2 345.7
27 0 353.1
23 2 354.9
24 2 364.0
60 1 369.0
26 2 372.8
61 1 377.9
27 2 381.4
85 3 386.1
28 2 389.9
