65 0 25.4
126 1 27.9
127 1 34.9
50 0 36.7
128 1 41.9
48 0 47.0
49 0 53.4
106 1 58.3
66 0 66.7
120 1 68.8
67 0 73.4
118 1 77.4
44 0 88.1
123 1 89.8
81 0 98.8
122 1 103.2
41 0 113.6
104 1 115.7
82 0 123.5
100 1 125.0
101 1 132.1
38 0 134.5
102 1 139.5
36 0 144.2
35 0 151.1
95 1 160.9
87 0 162.2
96 1 167.5
33 0 173.1
97 1 174.8
98 1 183.5
31 0 185.6
12 0 196.8
93 1 197.2
11 0 204.4
92 1 204.6
132 0 215.5
90 1 220.5
89 1 227.4
14 0 236.0
21 1 237.2
15 0 243.1
16 0 249.8
23 1 255.3
117 0 262.0
24 1 262.3
26 1 269.7
27 1 276.6
113 0 279.0
28 1 283.2
110 0 289.6
29 1 296.2
109 0 297.0
30 1 302.8
108 0 304.8
62 1 311.7
58 1 321.4
59 1 328.0
112 0 330.7
60 1 335.6
61 1 344.8
125 0 346.4
133 1 357.9
124 0 360.9
85 1 366.1
83 1 375.1
86 1 387.2
55 1 401.1
79 0 406.5
56 1 408.0
76 0 417.5
6 1 418.7
75 0 424.2
5 1 426.0
4 1 433.4
80 0 435.2
3 1 441.0
73 0 445.3
72 0 452.3
71 0 459.2
8 1 464.8
69 0 470.7
9 1 472.0
70 0 478.2
10 1 479.0
1 0 489.7
53 1 500.7
63 1 514.6
64 1 520.9
78 0 522.7
25 1 554.9
131 1 567.3
17 0 570.9
18 0 578.3
19 0 585.2
