129 0 36.9
124 2 40.9
3 1 41.3
126 0 46.1
4 1 48.8
125 2 55.0
106 0 55.7
5 1 56.3
6 1 63.8
113 2 65.7
120 0 67.7
7 1 71.5
118 0 76.2
112 2 76.5
8 1 79.0
9 1 86.2
10 1 93.3
110 2 100.6
122 0 112.4
11 1 115.8
12 1 123.0
13 1 130.6
117 0 139.2
132 1 145.8
131 0 154.8
17 0 165.9
133 1 168.3
18 0 173.1
58 1 176.6
19 0 180.0
59 1 183.2
20 0 186.7
60 1 190.2
21 0 195.8
61 1 199.3
22 0 203.5
23 0 211.2
85 1 215.2
24 0 218.6
83 1 223.8
25 0 225.7
38 1 232.4
26 0 240.9
36 1 241.0
27 0 247.7
35 1 247.8
28 0 254.8
79 1 264.2
78 1 273.8
89 0 277.5
43 1 283.1
90 0 284.5
91 0 291.9
