64 0 24.8
24 1 25.7
23 1 32.7
63 0 36.3
89 1 47.2
90 1 54.0
91 1 61.2
8 0 64.7
92 1 69.1
9 0 72.0
93 1 76.5
10 0 79.4
94 1 84.1
132 0 86.7
95 1 91.0
11 0 97.3
96 1 97.7
12 0 104.9
97 1 104.9
13 0 112.8
98 1 113.8
14 0 119.8
117 0 126.7
99 1 126.8
100 1 134.0
101 1 140.9
124 0 140.9
102 1 148.3
125 0 154.7
103 1 157.5
113 0 164.4
104 1 171.0
112 0 174.3
105 1 177.7
106 1 184.5
110 0 185.2
107 1 191.0
109 0 192.9
126 1 198.4
108 0 200.4
127 1 205.5
128 1 212.7
122 0 220.4
129 1 221.4
118 0 234.9
120 1 239.5
123 1 248.7
15 0 249.5
16 0 256.1
131 0 264.0
17 0 275.4
18 0 282.8
19 0 289.7
20 0 296.4
21 0 305.6
35 1 311.0
22 0 313.1
36 1 318.0
23 0 321.1
37 1 324.7
24 0 328.5
79 1 332.3
25 0 335.7
78 1 341.9
26 0 350.6
76 1 354.6
27 0 357.6
75 1 361.3
28 0 364.6
80 1 371.1
88 0 372.3
73 1 380.4
29 0 382.6
72 1 387.3
30 0 389.6
71 1 394.1
31 0 397.1
69 1 408.3
32 0 413.1
70 1 415.5
33 0 419.8
34 0 426.5
3 1 430.2
87 0 434.8
4 1 437.7
5 1 445.2
62 0 451.2
6 1 452.6
7 1 460.4
58 0 461.6
56 1 467.9
59 0 468.5
55 1 474.9
60 0 475.6
53 1 484.6
61 0 485.6
63 1 492.9
64 1 499.2
133 0 500.3
85 0 510.0
65 1 512.5
86 0 520.5
50 1 523.1
83 0 530.1
48 1 532.9
49 1 539.0
40 0 539.0
82 0 545.7
66 1 551.1
41 0 554.7
67 1 557.6
42 0 561.8
43 0 570.0
44 1 570.4
81 0 577.7
41 1 588.1
44 0 588.4
45 0 595.3
83 1 602.3
46 0 602.5
84 1 608.6
66 0 609.4
85 1 615.9
67 0 616.0
47 0 627.2
86 1 629.5
48 0 633.9
