97 1 34.3
15 2 36.0
3 0 43.1
16 2 44.1
95 1 49.0
4 0 50.8
99 1 58.3
5 0 58.6
100 1 65.6
113 2 66.4
6 0 66.5
101 1 72.4
7 0 74.6
112 2 77.3
102 1 79.6
103 1 88.7
125 2 92.4
86 0 97.0
104 1 102.1
83 0 106.3
105 1 108.9
38 0 114.8
106 1 115.7
31 2 116.2
107 1 122.2
36 0 124.0
29 2 127.4
126 1 129.3
35 0 131.1
127 1 136.3
88 2 138.6
128 1 143.4
79 0 150.7
33 2 155.7
108 1 160.6
78 0 161.1
34 2 163.9
109 1 168.0
87 2 173.7
110 1 175.4
76 0 175.9
111 1 182.8
75 0 182.9
62 2 189.8
115 1 193.4
80 0 193.4
58 2 201.1
124 1 201.2
73 0 203.6
59 2 209.4
72 0 210.6
116 1 211.2
71 0 217.4
60 2 218.3
118 1 218.4
119 1 224.5
69 0 228.7
61 2 229.2
120 1 231.2
70 0 236.2
121 1 237.2
133 2 244.1
1 0 247.6
122 1 250.3
53 2 254.1
123 1 263.7
50 2 269.3
46 0 271.1
117 1 276.5
47 0 278.0
48 0 284.2
65 2 287.7
49 0 290.8
131 1 294.2
63 2 301.5
66 0 304.1
17 1 304.1
64 2 309.3
67 0 310.7
18 1 311.5
19 1 318.2
44 0 325.5
85 2 326.5
21 1 328.9
22 1 336.1
81 0 336.2
55 2 342.1
23 1 344.0
56 2 350.8
41 0 350.9
24 1 351.2
25 1 358.2
82 0 360.4
8 2 362.5
26 1 370.8
9 2 371.2
27 1 377.6
10 2 380.1
28 1 384.3
132 2 389.2
12 0 399.7
11 2 400.7
89 1 402.8
11 0 408.6
90 1 409.8
12 2 410.7
91 1 417.0
132 0 418.2
130 1 424.8
