122 3 58.2
57 0 62.4
20 1 62.5
124 2 64.2
58 0 69.1
18 1 71.0
104 3 71.9
59 0 75.9
125 2 78.6
100 3 82.0
60 0 83.0
131 1 83.2
101 3 89.1
113 2 89.2
61 0 92.5
25 1 95.1
102 3 96.4
112 2 100.1
23 1 104.6
103 3 106.4
133 0 107.1
110 2 111.8
85 0 116.2
26 1 118.7
109 2 120.8
27 1 125.5
95 3 125.7
86 0 126.4
108 2 129.9
96 3 132.3
28 1 132.3
83 0 135.7
97 3 139.5
88 1 140.0
38 0 144.1
29 1 149.0
126 2 150.1
98 3 152.8
79 0 153.9
30 1 155.8
127 2 158.6
32 1 162.3
78 0 164.0
62 1 169.3
106 3 176.2
120 2 178.3
58 1 178.8
76 0 179.0
107 3 182.5
59 1 185.3
75 0 185.9
123 2 189.0
60 1 192.6
128 3 195.5
80 0 196.1
118 2 199.9
61 1 201.4
129 3 204.7
73 0 206.4
117 2 210.2
72 0 213.1
133 1 213.8
71 0 220.1
15 2 220.9
85 1 222.4
16 2 229.0
86 1 231.3
93 3 234.5
69 0 236.4
131 2 238.2
83 1 240.2
92 3 242.1
70 0 244.0
38 1 248.2
17 2 250.2
130 3 254.0
1 0 255.4
79 1 257.1
18 2 259.0
90 3 264.8
3 0 265.9
78 1 266.3
19 2 267.4
89 3 271.9
4 0 273.7
76 1 278.9
5 0 281.5
23 3 282.3
25 2 283.8
75 1 285.8
6 0 289.4
26 2 294.5
80 1 295.1
7 0 297.4
27 2 303.0
73 1 304.4
8 0 305.2
32 3 306.5
72 1 311.1
28 2 311.6
9 0 312.4
62 3 313.7
71 1 317.9
10 0 319.9
88 2 320.6
58 3 323.9
59 3 330.6
29 2 331.6
69 1 332.2
56 0 336.8
60 3 337.7
70 1 339.3
30 2 340.2
55 0 344.1
61 3 347.4
33 2 350.3
3 1 354.0
53 0 354.2
34 2 358.7
4 1 361.4
133 3 361.8
63 0 363.5
87 2 368.2
5 1 368.8
64 0 369.6
85 3 370.9
6 1 376.3
35 2 379.8
7 1 384.0
65 0 385.1
36 2 388.4
8 1 391.6
50 0 396.5
37 2 397.1
9 1 398.6
81 3 405.6
10 1 405.7
79 2 406.1
48 0 407.0
49 0 413.3
44 3 416.3
78 2 417.5
56 1 420.2
45 3 423.0
55 1 427.2
43 2 428.7
53 1 436.5
41 2 440.7
83 2 456.5
31 1 462.0
84 2 464.4
41 0 471.6
12 1 471.7
86 2 473.2
11 1 479.1
82 0 481.1
21 3 488.7
132 1 488.9
53 2 489.0
63 2 499.3
14 1 505.5
64 2 507.2
31 0 513.1
