65 0 30.7
126 1 33.3
127 1 40.3
50 0 42.1
128 1 47.1
48 0 52.7
49 0 59.0
106 1 63.6
66 0 72.3
120 1 74.1
67 0 78.8
118 1 82.2
44 0 93.6
123 1 94.9
81 0 104.1
122 1 108.0
41 0 118.5
104 1 120.3
82 0 128.2
100 1 129.6
101 1 136.6
38 0 139.1
102 1 144.1
36 0 148.6
103 1 153.3
35 0 155.5
87 0 166.9
95 1 169.8
96 1 176.4
33 0 177.6
97 1 183.6
31 0 189.8
98 1 192.8
12 0 200.8
93 1 206.2
11 0 208.2
92 1 213.6
132 0 219.3
130 1 224.2
90 1 234.0
14 0 239.9
89 1 241.1
15 0 247.1
21 1 250.6
16 0 253.7
20 1 259.7
117 0 266.1
18 1 268.2
124 0 280.4
131 1 280.6
25 1 292.7
125 0 294.6
23 1 302.5
113 0 304.4
112 0 314.4
26 1 317.3
27 1 324.3
110 0 325.7
28 1 331.1
109 0 333.1
88 1 338.8
108 0 340.9
29 1 348.3
126 0 352.4
30 1 355.2
127 0 359.5
62 1 364.4
128 0 366.7
58 1 373.7
129 0 376.2
59 1 380.6
60 1 387.6
106 0 391.2
61 1 396.7
120 0 403.5
133 1 409.7
118 0 412.7
85 1 418.4
123 0 427.5
86 1 427.9
83 1 436.8
122 0 443.3
38 1 445.3
79 1 454.2
104 0 457.6
78 1 464.1
100 0 468.2
101 0 475.4
76 1 476.9
102 0 483.1
75 1 483.7
103 0 494.0
80 1 494.2
73 1 503.5
72 1 510.4
95 0 513.9
71 1 517.5
96 0 520.4
97 0 528.4
69 1 531.8
98 0 538.2
70 1 539.1
93 0 554.2
3 1 554.6
4 1 561.9
92 0 561.9
5 1 569.3
130 0 574.1
6 1 576.9
7 1 584.3
90 0 585.4
8 1 592.6
89 0 592.6
9 1 599.2
21 0 603.4
10 1 606.8
20 0 613.8
56 1 621.5
18 0 622.8
55 1 628.4
53 1 638.2
131 0 638.4
63 1 647.0
25 0 652.4
64 1 653.2
23 0 662.9
