123 1 52.5
1 0 56.0
126 2 56.7
10 3 56.8
118 1 62.2
119 1 68.7
120 1 75.7
8 0 88.4
116 1 89.3
125 2 91.6
9 0 95.5
49 1 98.7
41 2 102.2
10 0 103.0
18 3 103.3
42 2 110.8
19 3 111.9
51 1 112.6
11 0 113.0
20 3 118.8
43 2 119.1
52 1 119.4
21 3 125.8
53 1 126.3
124 2 128.6
22 3 137.4
133 0 139.1
109 1 140.3
132 2 140.6
127 3 144.6
45 0 148.8
80 1 150.4
128 3 151.8
46 0 156.2
81 1 157.5
47 0 163.7
82 1 164.1
23 3 164.6
24 3 171.8
83 1 174.1
48 0 174.1
84 1 180.4
37 3 182.4
85 1 186.4
67 2 190.9
107 1 193.4
38 3 193.8
66 2 199.9
134 1 202.7
54 0 207.6
34 3 208.9
69 1 212.0
62 2 212.4
55 0 215.8
