64 3 64.1
82 0 68.2
116 2 68.9
68 1 69.3
63 3 69.8
38 0 79.0
124 2 80.7
69 1 80.7
65 3 83.2
70 1 87.9
36 0 88.5
50 3 94.7
125 2 95.0
35 0 95.5
3 1 102.4
48 3 105.3
113 2 105.8
87 0 106.7
4 1 109.9
49 3 111.4
112 2 116.5
33 0 117.1
5 1 117.4
6 1 124.8
66 3 124.8
110 2 128.3
31 0 128.9
67 3 131.3
7 1 132.7
109 2 137.3
12 0 139.9
8 1 140.1
44 3 145.9
108 2 146.3
9 1 147.3
11 0 147.4
10 1 154.4
81 3 156.4
126 2 158.5
10 0 166.2
127 2 167.2
41 3 170.8
9 0 172.2
128 2 175.7
8 0 179.1
113 1 180.3
129 2 186.1
38 3 186.8
56 0 189.7
36 3 196.2
55 0 196.9
35 3 203.2
53 0 207.1
93 1 212.6
87 3 214.3
92 1 220.1
133 0 222.2
33 3 224.7
62 0 231.9
90 1 235.5
29 3 236.4
15 2 240.7
89 1 242.5
16 2 249.0
14 0 253.2
17 2 258.4
15 0 259.8
85 3 264.7
16 0 270.3
131 2 273.3
83 3 273.9
17 0 278.1
79 1 279.3
18 0 285.3
86 3 287.6
78 1 288.6
19 0 292.2
41 1 297.8
20 0 298.9
104 2 302.7
58 3 307.7
21 0 308.2
43 1 311.4
59 3 314.3
22 0 315.6
81 1 318.8
122 2 321.5
23 0 323.4
44 1 328.5
24 0 330.8
123 2 337.1
25 0 337.6
71 1 339.6
88 3 341.4
72 1 346.2
27 3 351.3
73 1 353.0
117 0 356.0
26 3 358.2
74 1 360.1
118 0 365.2
80 1 367.5
119 0 371.7
85 2 373.9
75 1 376.7
123 0 379.6
76 1 383.5
83 2 384.2
120 0 389.1
121 0 395.1
95 3 395.2
86 2 398.0
96 3 401.8
122 0 403.2
97 3 408.9
58 2 417.2
104 0 417.4
98 3 418.6
59 2 425.5
100 0 428.3
99 3 434.0
60 2 434.3
101 0 435.3
102 0 442.7
100 1 444.7
61 2 445.0
101 1 451.5
