102 0 21.3
61 1 27.7
103 0 31.0
58 1 36.3
100 0 40.8
57 1 43.0
133 1 49.8
95 0 54.4
85 1 58.3
96 0 61.1
86 1 67.3
97 0 68.2
83 1 76.1
98 0 77.8
38 1 84.0
79 1 93.1
93 0 93.8
92 0 101.5
78 1 102.3
130 0 113.3
76 1 114.9
75 1 121.7
90 0 124.3
80 1 131.0
89 0 131.3
73 1 140.4
21 0 142.0
72 1 147.2
20 0 151.7
71 1 154.1
18 0 160.7
69 1 168.0
131 0 174.9
70 1 175.5
25 0 188.8
3 1 190.0
4 1 197.5
23 0 199.0
5 1 204.9
6 1 212.4
26 0 216.1
7 1 220.1
27 0 223.1
8 1 227.6
28 0 230.0
9 1 234.6
88 0 237.6
10 1 241.9
29 0 247.6
30 0 254.6
56 1 256.2
32 0 261.0
55 1 263.2
62 0 268.2
53 1 272.6
58 0 278.5
63 1 281.0
59 0 285.2
64 1 287.2
60 0 292.3
65 1 300.3
61 0 301.8
50 1 310.4
133 0 316.4
48 1 320.0
85 0 325.6
49 1 326.3
86 0 335.8
66 1 338.0
67 1 344.5
83 0 345.1
38 0 353.5
44 1 356.8
79 0 363.2
81 1 366.4
78 0 373.5
41 1 379.9
82 1 387.3
36 1 401.1
35 1 407.8
87 1 417.8
33 1 427.2
125 0 433.2
31 1 437.8
113 0 442.6
14 1 447.0
15 1 453.8
16 1 460.4
106 0 465.8
117 1 471.3
126 0 480.0
124 1 483.1
127 0 487.1
128 0 494.1
110 1 498.7
129 0 503.3
109 1 505.9
108 1 513.2
104 1 526.4
112 0 533.4
122 1 542.7
120 1 551.9
123 1 560.6
12 0 564.1
118 1 569.9
11 0 571.6
132 0 582.5
