64 0 30.3
24 1 31.2
63 0 36.0
23 1 38.1
65 0 49.6
26 1 52.5
27 1 59.6
50 0 61.0
28 1 66.3
48 0 71.5
88 1 73.8
49 0 77.8
29 1 83.0
30 1 89.8
66 0 91.2
67 0 97.7
62 1 98.8
58 1 108.2
44 0 112.9
59 1 114.7
60 1 122.3
81 0 123.8
61 1 131.5
41 0 138.6
133 1 144.4
82 0 148.0
8 1 159.8
9 1 166.9
78 0 170.0
10 1 174.1
79 0 180.3
11 1 181.6
12 1 188.8
13 1 196.5
76 0 197.6
14 1 203.5
75 0 204.4
15 1 210.5
80 0 214.7
16 1 216.8
131 1 224.3
73 0 225.0
72 0 231.7
17 1 234.5
71 0 238.7
25 1 241.3
18 1 254.0
19 1 260.8
69 0 266.7
21 1 271.3
70 0 274.1
89 1 280.9
1 0 285.3
90 1 287.7
91 1 294.9
3 0 295.9
130 1 302.6
4 0 303.7
5 0 311.5
92 1 312.8
6 0 319.3
93 1 320.1
7 0 327.4
94 1 327.7
56 0 334.6
95 1 334.9
96 1 341.4
55 0 341.8
53 0 352.1
99 1 352.8
100 1 360.1
101 1 367.1
85 0 368.2
102 1 374.3
86 0 378.1
103 1 383.4
83 0 387.6
38 0 396.1
36 0 405.3
108 1 405.3
35 0 412.3
109 1 412.7
110 1 419.8
33 0 422.4
111 1 427.2
112 1 434.7
113 1 443.8
114 1 450.1
125 1 457.8
104 0 460.7
115 1 467.4
124 1 474.7
97 0 479.3
116 1 484.6
98 0 489.0
118 1 491.5
119 1 497.8
120 1 504.4
121 1 510.4
106 0 512.5
107 0 518.7
122 1 523.2
126 0 526.2
127 0 533.3
123 1 536.4
128 0 540.2
117 1 549.0
129 0 549.4
31 1 560.4
132 1 582.1
87 0 604.0
128 1 621.7
