57 0 37.2
15 1 37.3
125 2 39.4
58 0 43.9
16 1 44.0
113 2 50.0
59 0 50.5
117 1 54.7
60 0 57.6
112 2 60.7
124 1 66.5
61 0 67.2
110 2 72.4
125 1 78.8
109 2 81.4
133 0 81.7
113 1 87.6
108 2 90.5
85 0 90.8
112 1 96.6
86 0 100.9
126 2 102.6
110 1 106.4
83 0 110.3
127 2 111.2
109 1 113.5
38 0 118.9
128 2 119.7
108 1 121.0
79 0 128.6
129 2 130.1
126 1 131.0
78 0 138.8
106 2 151.2
76 0 153.6
75 0 160.6
123 1 160.9
122 2 165.4
118 1 170.0
80 0 171.0
120 2 176.5
73 0 181.1
12 1 185.4
72 0 187.9
11 1 192.5
71 0 194.7
31 2 197.2
132 1 202.6
29 2 208.3
69 0 211.2
9 1 211.6
8 1 218.8
70 0 218.8
88 2 219.5
56 1 228.3
1 0 230.0
32 2 234.7
55 1 235.4
3 0 240.5
33 2 243.1
133 1 244.5
4 0 248.3
34 2 251.3
58 1 252.8
5 0 256.1
59 1 259.4
35 2 260.1
6 0 263.9
60 1 266.3
36 2 268.8
7 0 271.9
61 1 275.1
37 2 277.4
8 0 279.6
38 2 285.6
9 0 286.9
85 1 291.4
39 2 293.6
10 0 294.3
83 2 301.9
53 1 304.7
84 2 309.8
56 0 311.3
63 1 313.0
55 0 318.5
86 2 318.7
64 1 319.2
53 0 328.8
65 1 332.5
40 2 333.0
63 0 338.0
82 2 341.1
50 1 342.6
64 0 344.1
41 2 351.3
48 1 352.3
49 1 358.4
42 2 359.9
66 1 370.2
62 0 372.0
67 1 376.7
44 1 389.0
81 1 398.7
89 2 408.2
104 0 410.7
76 1 414.6
90 2 416.8
75 1 421.5
93 0 424.8
91 2 425.8
80 1 430.8
92 0 432.3
73 1 440.1
72 1 446.9
97 2 447.8
71 1 453.7
95 0 454.3
69 1 467.6
100 0 473.0
102 2 474.9
70 1 474.9
101 0 480.1
103 2 485.8
3 1 489.5
4 1 496.9
5 1 504.3
6 1 511.9
130 2 514.0
17 1 543.2
18 1 550.5
43 0 554.4
19 1 557.1
21 1 567.6
22 1 574.8
44 2 575.7
23 1 582.5
45 2 584.0
87 0 587.0
24 1 589.5
46 2 592.8
26 1 596.6
47 2 601.2
27 1 603.5
48 2 609.1
28 1 610.2
49 2 617.1
17 0 620.0
25 1 623.4
50 2 630.3
131 1 635.4
