121 0 21.5
132 1 22.2
120 0 27.7
11 1 31.7
118 0 35.7
12 1 38.9
13 1 46.5
123 0 50.8
14 1 53.4
15 1 60.5
122 0 65.9
16 1 67.1
117 1 78.1
104 0 80.2
124 1 89.9
100 0 90.4
101 0 97.6
125 1 102.2
102 0 105.1
113 1 111.4
103 0 115.4
112 1 120.5
110 1 130.3
95 0 134.8
109 1 137.8
96 0 141.4
108 1 145.0
97 0 148.5
98 0 160.0
31 1 173.4
29 1 182.7
106 0 183.6
107 0 190.0
27 1 191.9
126 0 197.6
26 1 198.6
127 0 204.7
128 0 211.4
88 1 214.5
129 0 221.0
62 1 229.8
33 1 243.6
34 1 250.3
93 0 250.8
87 1 258.4
92 0 258.4
35 1 268.1
130 0 270.5
36 1 275.1
90 0 281.4
37 1 282.2
89 0 288.5
79 1 290.0
23 0 299.2
78 1 299.4
24 0 306.8
76 1 312.2
25 0 313.9
75 1 319.0
80 1 328.5
73 1 337.8
72 1 344.7
9 0 346.2
71 1 351.4
8 0 353.5
69 1 361.4
56 0 364.3
70 1 368.8
55 0 371.4
133 0 381.3
58 0 390.2
46 1 392.8
59 0 396.9
48 1 401.3
60 0 404.1
49 1 407.8
61 0 413.8
66 1 419.5
67 1 425.8
85 0 433.4
44 1 438.4
81 1 448.1
53 0 449.4
63 0 458.7
41 1 460.7
64 0 464.8
83 1 474.7
65 0 480.6
84 1 481.0
86 1 488.2
50 0 492.3
38 1 500.4
3 0 522.6
4 0 530.4
131 1 531.4
5 0 538.3
6 0 546.1
65 1 576.2
50 1 586.7
18 0 589.6
19 0 596.5
20 0 603.4
3 1 610.5
21 0 612.5
