2 0 29.0
11 1 32.9
29 2 33.7
3 0 37.8
8 1 41.6
28 2 42.7
4 0 46.2
12 1 51.4
27 2 51.9
13 1 58.0
5 0 59.4
25 2 64.7
14 1 65.0
6 0 65.4
7 0 72.3
26 2 74.2
47 1 79.8
12 0 80.0
13 0 87.9
48 1 88.9
3 2 92.8
14 0 95.8
4 2 102.7
15 0 103.5
16 0 111.1
5 2 112.4
54 1 114.7
55 1 121.8
6 2 122.4
56 1 129.5
7 2 132.6
132 0 133.0
57 1 141.6
124 0 144.1
58 1 149.0
42 0 154.2
59 1 156.3
18 2 159.1
60 1 163.8
19 2 169.0
119 0 169.1
61 1 171.3
118 0 176.7
62 1 178.6
63 1 185.2
129 2 185.9
64 1 192.1
116 0 195.6
65 1 200.6
130 2 200.9
51 0 205.2
131 2 209.4
104 0 212.9
66 1 214.5
67 1 221.4
68 1 228.3
100 0 232.9
134 1 235.1
125 2 238.4
81 0 243.7
107 1 244.8
39 2 249.2
34 2 261.1
134 0 262.1
91 1 262.8
92 1 270.0
135 0 272.3
122 2 273.1
93 1 277.5
87 0 282.3
121 2 285.1
106 1 285.4
88 0 289.4
94 1 295.2
89 0 297.5
95 1 302.0
133 2 304.5
90 0 307.9
96 1 308.9
97 1 315.2
45 2 315.5
46 2 324.3
98 1 327.7
69 0 329.1
99 1 334.8
70 0 336.9
49 2 338.8
113 0 343.7
50 2 348.4
101 1 350.3
114 0 350.6
102 1 356.9
52 2 359.7
71 0 363.0
53 2 368.9
112 0 372.0
84 1 383.8
110 2 387.9
111 2 396.2
72 1 405.0
73 1 412.4
74 1 419.1
75 1 425.4
32 0 432.9
78 1 439.7
31 0 440.4
20 2 445.9
79 1 446.6
21 2 454.4
22 2 467.0
36 0 467.2
38 0 475.8
23 2 476.2
105 1 481.2
37 0 487.2
37 2 495.9
127 0 500.5
109 1 505.1
128 0 507.9
127 2 509.5
