122 0 60.7
78 1 62.9
95 2 63.6
81 3 63.7
96 2 71.8
41 1 77.7
104 0 84.9
97 2 87.7
98 2 98.5
133 3 100.5
108 0 106.1
60 1 106.2
58 3 109.4
109 0 113.8
93 2 114.1
61 1 115.2
59 3 116.2
110 0 121.3
92 2 123.4
62 3 129.0
111 0 129.2
86 1 135.3
130 2 136.0
112 0 136.6
31 3 141.5
113 0 146.5
38 1 147.1
90 2 147.8
36 1 155.8
89 2 156.3
114 0 156.8
15 3 156.9
35 1 162.6
125 0 164.4
131 3 164.5
21 2 167.9
115 0 174.9
17 3 175.4
79 1 178.8
124 0 182.5
19 3 185.7
17 2 186.8
20 3 192.1
76 1 196.0
116 0 198.2
75 1 202.8
23 2 207.6
80 1 212.2
73 1 221.6
118 3 222.3
126 0 222.4
26 2 224.4
72 1 228.4
119 3 228.8
127 0 229.5
27 2 232.9
120 3 235.1
71 1 235.1
128 0 236.4
121 3 241.1
28 2 241.4
129 0 245.6
69 1 249.2
88 2 250.6
70 1 256.4
29 2 261.4
30 2 269.9
102 3 270.1
3 1 271.0
117 0 277.6
4 1 278.3
103 3 280.2
33 2 280.2
5 1 285.7
34 2 288.5
12 0 291.0
6 1 293.4
87 2 298.1
11 0 298.6
7 1 300.9
8 1 308.6
35 2 309.7
123 3 309.8
132 0 313.1
9 1 315.5
36 2 318.2
10 1 322.7
37 2 326.9
38 2 335.0
56 1 337.4
29 3 339.3
39 2 343.0
55 1 344.4
53 1 354.0
79 2 355.9
33 0 361.0
76 2 367.1
34 0 367.8
87 3 369.5
66 1 372.4
75 2 375.7
67 1 378.7
80 2 386.9
48 1 394.7
63 0 395.8
49 1 401.1
44 3 404.7
45 3 411.6
46 2 411.9
