2 0 8.4
4 1 9.3
3 0 22.2
4 0 29.8
5 0 37.4
6 0 45.2
7 0 52.8
8 0 60.4
9 0 68.2
95 2 72.9
10 0 75.8
14 1 77.1
94 2 82.1
11 0 83.4
15 1 84.7
12 0 91.2
93 2 91.4
16 1 92.2
13 0 98.7
17 1 99.6
92 2 100.6
18 1 107.2
91 2 109.7
19 1 114.8
90 2 119.0
20 1 122.3
89 2 128.1
21 1 129.8
22 1 137.5
87 2 139.9
23 1 145.1
88 2 148.4
198 1 157.1
27 2 159.6
197 1 164.5
26 2 167.9
196 1 171.9
24 2 179.0
195 1 179.3
194 1 186.7
193 1 194.3
29 0 200.0
192 1 201.7
30 0 207.9
85 2 208.6
190 1 211.4
31 0 215.8
84 2 217.2
189 1 218.2
32 0 223.8
187 1 227.7
33 0 231.7
188 1 234.2
34 0 239.5
97 1 243.4
35 0 247.5
98 1 250.3
99 1 257.3
100 2 266.1
101 2 274.2
185 1 277.5
102 2 282.8
184 1 284.9
110 2 291.7
183 1 292.4
78 0 299.3
182 1 299.8
111 2 300.1
181 1 307.3
79 0 307.3
112 2 308.8
180 1 314.9
80 0 315.1
113 2 317.6
179 1 322.2
81 0 323.0
114 2 326.0
82 0 330.9
177 1 332.3
115 2 335.3
83 0 338.7
176 1 339.1
116 2 344.4
42 0 349.6
117 2 353.4
43 0 356.3
245 1 361.7
118 2 362.5
44 0 363.2
244 1 369.1
45 0 370.9
119 2 371.6
243 1 376.6
46 0 378.7
120 2 380.7
242 1 384.3
47 0 387.0
121 2 389.8
241 1 391.8
48 0 394.1
122 2 399.0
240 1 399.3
49 0 400.8
50 0 407.7
123 2 408.0
246 1 409.3
51 0 415.4
247 1 415.8
124 2 417.1
248 1 422.9
52 0 423.1
125 2 426.2
249 1 430.3
53 0 430.8
126 2 435.1
250 1 437.6
54 0 438.4
127 2 443.4
55 0 446.1
140 1 447.5
128 2 452.0
56 0 453.8
139 1 454.0
129 2 461.3
57 0 461.4
58 0 469.1
130 2 470.2
59 0 476.7
131 2 479.3
238 1 484.1
60 0 484.5
132 2 488.4
237 1 491.2
61 0 491.6
133 2 497.6
62 0 498.1
235 1 500.8
63 0 505.3
134 2 506.6
234 1 507.4
64 0 512.8
135 2 515.7
228 1 517.4
65 0 520.6
136 2 524.9
229 1 524.9
230 1 532.2
137 2 533.9
258 0 535.6
