62 0 6.6
38 2 8.8
29 1 14.0
28 1 20.3
25 2 31.7
38 1 39.0
26 2 41.7
3 0 45.8
39 1 51.8
1 2 54.0
4 0 54.5
40 1 58.4
5 0 62.8
6 0 71.3
7 0 80.1
20 2 81.5
8 1 82.9
12 0 87.9
9 1 89.8
21 2 90.1
13 0 95.6
10 1 96.5
14 0 103.4
11 1 105.1
44 0 111.2
58 2 121.3
45 0 127.7
57 2 133.1
49 1 133.6
46 0 134.2
47 0 142.1
50 1 142.7
61 2 145.6
48 0 149.2
42 2 158.4
51 0 164.0
60 2 169.7
52 0 172.5
34 1 174.0
53 0 181.1
32 1 183.0
55 2 189.1
31 1 189.6
54 2 198.3
15 0 205.5
59 2 211.0
16 0 213.1
66 0 219.8
63 1 221.2
67 0 226.5
64 1 227.4
15 2 236.8
17 0 239.0
18 1 240.8
16 2 246.3
65 0 247.8
16 1 251.8
15 1 258.5
18 0 260.1
65 2 266.2
19 0 268.7
63 0 278.7
55 1 279.0
18 2 279.4
54 1 285.7
64 0 285.9
59 1 295.9
23 0 298.7
37 0 306.0
32 2 314.7
31 2 323.7
66 1 328.3
67 1 334.4
65 1 347.9
63 2 358.1
64 2 366.6
