1 0 61.3
87 1 63.4
80 2 63.5
9 3 64.8
2 0 68.6
33 1 72.9
8 3 73.0
73 2 75.4
3 0 76.9
31 1 83.4
72 2 84.1
56 3 84.7
4 0 85.5
55 3 92.2
71 2 93.3
5 0 94.0
6 0 102.4
12 1 103.0
133 3 104.1
11 1 110.2
69 2 111.0
7 0 111.3
62 3 113.0
70 2 120.6
29 3 126.1
14 1 128.5
1 2 133.4
15 1 142.9
27 3 143.6
3 2 145.6
16 1 149.6
4 2 155.4
18 1 159.5
5 2 165.2
19 1 166.2
6 2 175.2
21 1 176.6
22 1 183.7
7 2 185.2
93 0 186.1
89 1 190.8
92 0 194.4
8 2 195.0
90 1 197.4
43 3 198.1
9 2 204.4
81 3 206.5
10 2 213.8
44 3 218.0
95 0 218.2
102 1 223.4
45 3 225.3
96 0 225.5
56 2 232.0
103 1 232.6
97 0 233.3
71 3 236.1
55 2 241.1
72 3 243.5
98 0 243.7
73 3 251.0
53 2 253.2
130 1 258.7
74 3 258.8
63 2 264.5
100 0 264.6
80 3 267.7
101 0 272.0
64 2 272.8
23 1 276.6
75 3 278.7
24 1 283.8
76 3 286.1
65 2 290.2
106 0 292.4
107 0 299.1
50 2 303.5
126 0 307.6
113 1 312.7
127 0 315.2
48 2 316.1
112 1 322.0
128 0 323.1
49 2 324.8
88 3 329.2
129 0 333.3
125 1 335.4
66 2 340.3
67 2 348.8
25 3 349.5
131 3 365.7
44 2 365.9
35 1 368.5
36 1 375.5
81 2 378.3
37 1 382.3
117 3 382.9
38 1 397.7
124 3 399.1
78 2 400.9
39 1 403.9
40 1 414.8
110 3 419.9
82 1 421.7
109 3 427.9
83 1 431.8
108 3 436.3
84 1 437.9
85 1 445.4
104 3 455.7
86 1 460.9
79 1 482.1
122 3 482.5
120 3 497.9
78 1 500.2
41 1 512.2
123 3 512.9
118 3 529.6
61 1 558.7
57 3 582.6
58 3 591.6
59 3 598.8
131 1 601.9
60 3 609.2
