87 0 24.7
65 1 28.0
33 0 34.7
50 1 38.2
31 0 46.7
48 1 47.9
49 1 54.0
12 0 57.6
11 0 65.2
66 1 66.3
67 1 72.6
132 0 76.5
44 1 85.6
81 1 95.2
14 0 97.5
15 0 104.6
41 1 108.4
16 0 111.2
82 1 117.1
117 0 123.4
38 1 126.9
36 1 135.6
124 0 137.7
35 1 142.5
125 0 151.9
87 1 152.6
113 0 161.8
33 1 162.4
112 0 171.9
31 1 173.2
110 0 182.9
12 1 183.1
11 1 190.5
109 0 190.6
108 0 198.3
132 1 200.6
126 0 209.6
127 0 216.7
14 1 217.3
128 0 223.6
15 1 224.4
16 1 230.9
129 0 233.0
117 1 242.0
106 0 248.5
124 1 254.5
122 0 265.9
120 0 276.3
62 1 279.0
123 0 286.2
58 1 288.4
59 1 295.1
118 0 296.5
60 1 302.6
61 1 312.0
131 0 317.0
133 1 324.7
17 0 328.4
85 1 333.2
18 0 335.8
86 1 342.7
19 0 342.7
20 0 349.6
83 1 351.4
21 0 359.3
79 1 363.8
22 0 366.9
78 1 373.2
23 0 374.7
24 0 382.4
25 0 389.7
76 1 391.9
75 1 398.4
26 0 404.7
80 1 408.4
27 0 411.5
73 1 417.7
28 0 418.4
72 1 424.6
29 0 425.8
71 1 431.4
88 0 442.3
69 1 454.3
70 1 461.8
89 0 467.8
90 0 475.1
3 1 477.3
91 0 482.6
4 1 484.5
130 0 490.8
5 1 492.1
6 1 499.4
92 0 502.5
7 1 507.3
93 0 510.2
8 1 515.0
94 0 518.2
9 1 522.2
95 0 525.6
96 0 532.2
56 1 539.0
97 0 539.6
55 1 545.9
98 0 549.5
53 1 555.6
99 0 565.4
63 1 569.5
100 0 573.1
64 1 575.6
101 0 580.4
102 0 587.9
103 0 598.2
29 1 600.8
88 1 610.2
