1 0 65.9
80 2 69.9
87 1 69.9
9 3 71.8
2 0 73.1
33 1 79.4
8 3 80.0
3 0 81.5
73 2 81.6
31 1 90.0
4 0 90.2
72 2 90.5
56 3 91.4
55 3 99.3
71 2 99.6
12 1 100.0
5 0 102.7
11 1 107.4
133 3 109.7
6 0 111.4
69 2 117.1
7 0 119.9
85 3 124.0
70 2 126.7
56 0 127.9
113 1 138.3
1 2 139.7
86 3 142.3
55 0 142.8
112 1 147.3
3 2 151.7
83 3 152.4
133 0 152.8
125 1 160.3
4 2 161.7
40 3 161.9
5 2 171.4
38 3 171.9
36 3 179.8
6 2 181.3
15 1 183.6
35 3 187.1
16 1 189.8
7 2 191.3
131 1 197.2
8 2 201.2
124 0 201.4
37 3 204.7
17 1 207.6
9 2 210.6
79 3 213.2
18 1 214.5
10 2 220.2
19 1 221.2
78 3 224.6
76 3 241.0
106 0 245.9
119 2 247.9
75 3 248.5
104 1 254.3
120 2 256.9
80 3 259.4
121 2 265.1
73 3 270.7
97 0 271.9
108 1 272.5
72 3 278.3
109 1 279.8
98 0 282.5
71 3 285.7
93 2 286.2
110 1 286.9
92 2 296.1
44 3 299.9
90 2 309.0
81 3 311.5
126 0 314.7
122 1 315.6
89 2 318.3
127 0 322.1
41 3 327.4
128 0 329.8
21 2 331.1
82 3 337.9
129 0 341.2
20 2 342.9
