112 0 25.5
110 0 36.2
109 0 43.8
108 0 51.3
126 0 62.8
127 0 69.7
128 0 76.8
129 0 86.2
106 0 101.4
120 0 113.4
118 0 121.9
123 0 136.6
122 0 152.0
104 0 166.5
100 0 176.8
101 0 183.9
102 0 191.5
103 0 201.7
95 0 221.3
96 0 227.9
97 0 235.7
98 0 245.4
93 0 261.8
92 0 269.4
130 0 281.7
90 0 292.8
89 0 299.9
21 0 310.9
20 0 320.9
18 0 330.1
131 0 345.1
25 0 359.2
23 0 369.9
26 0 387.3
27 0 394.2
28 0 401.1
88 0 409.0
29 0 419.5
30 0 426.1
32 0 433.1
62 0 440.6
58 0 451.1
59 0 457.8
60 0 465.4
61 0 475.3
133 0 490.3
85 0 499.5
86 0 510.0
83 0 519.6
38 0 527.9
79 0 537.7
78 0 547.8
76 0 562.9
75 0 569.9
80 0 580.1
73 0 590.7
72 0 597.5
71 0 604.5
69 0 621.4
70 0 628.8
1 0 640.5
3 0 651.3
4 0 659.0
5 0 666.8
6 0 674.7
7 0 682.8
8 0 690.6
9 0 697.6
10 0 705.1
56 0 722.3
55 0 729.6
53 0 740.1
63 0 749.4
64 0 755.8
65 0 771.1
50 0 782.9
48 0 793.9
49 0 800.1
66 0 813.9
67 0 820.3
44 0 835.2
81 0 845.8
41 0 860.6
82 0 870.2
36 0 886.3
35 0 893.4
87 0 904.7
33 0 915.8
31 0 927.7
12 0 939.0
11 0 946.9
132 0 957.9
14 0 978.6
15 0 986.0
117 0 1001.0
124 0 1015.7
125 0 1030.0
113 0 1039.9
