9 1 37.2
8 1 44.4
2 0 44.7
56 1 54.3
55 1 61.0
87 2 65.0
53 1 70.4
33 2 77.3
63 1 78.8
133 0 82.1
64 1 84.8
62 2 89.0
65 1 98.3
31 2 108.6
50 1 108.7
12 0 108.7
11 0 116.9
48 1 118.1
14 2 120.5
49 1 124.1
132 0 128.9
117 2 129.4
66 1 136.0
67 1 142.2
15 2 145.4
16 2 154.3
44 1 155.2
131 2 164.1
124 0 164.8
81 1 164.9
17 2 176.8
41 1 177.4
125 0 179.9
82 1 186.3
18 2 186.3
113 0 190.2
19 2 195.3
83 1 196.1
112 0 200.7
84 1 202.0
20 2 204.2
85 1 209.1
110 0 212.7
21 2 215.3
109 0 220.8
86 1 222.9
22 2 224.9
108 0 229.3
89 2 234.2
38 1 235.0
126 0 241.3
36 1 243.4
90 2 243.4
127 0 248.9
35 1 250.2
91 2 252.9
128 0 256.2
92 2 262.9
129 0 266.3
79 1 267.1
93 2 272.6
78 1 276.5
106 0 282.5
94 2 282.7
76 1 289.4
95 2 291.8
104 0 292.5
75 1 296.1
96 2 300.8
73 1 305.2
72 1 311.8
97 0 312.8
99 2 315.2
71 1 318.4
98 0 323.3
100 2 324.9
69 1 332.8
101 2 334.1
70 1 340.0
102 2 343.5
3 1 350.3
122 0 354.2
103 2 355.2
4 1 357.6
120 0 364.9
5 1 365.1
6 1 372.5
123 0 375.2
130 2 385.6
118 0 385.9
58 1 393.3
59 1 399.7
23 2 406.1
60 1 406.5
61 1 415.5
24 2 415.8
58 0 421.0
25 2 424.9
59 0 428.3
29 1 435.4
60 0 436.1
26 2 441.1
27 1 444.4
61 0 446.4
26 1 451.1
28 2 452.7
