20 1 34.6
31 0 37.4
19 1 41.3
18 1 47.7
12 0 48.3
11 0 55.8
131 1 59.9
132 0 66.8
25 1 71.8
23 1 81.2
14 0 87.2
15 0 94.2
26 1 95.6
27 1 102.4
16 0 107.0
28 1 109.1
21 0 123.9
35 1 126.0
22 0 131.4
36 1 132.9
89 0 138.6
37 1 139.9
90 0 145.8
79 1 147.4
91 0 153.1
78 1 156.8
130 0 161.1
76 1 169.6
92 0 172.9
75 1 176.3
93 0 180.5
80 1 185.9
94 0 188.6
73 1 195.5
95 0 196.0
72 1 202.2
96 0 202.6
71 1 209.0
97 0 210.0
98 0 219.9
69 1 223.6
70 1 230.9
99 0 235.7
100 0 243.4
3 1 245.8
101 0 250.3
4 1 253.2
102 0 258.0
5 1 260.8
103 0 268.2
6 1 268.3
7 1 276.0
8 1 283.7
104 0 284.1
9 1 290.7
105 0 291.0
10 1 297.8
106 0 298.0
107 0 304.3
126 0 312.0
56 1 312.4
127 0 318.9
55 1 319.4
128 0 326.1
53 1 329.2
129 0 335.4
63 1 337.8
64 1 344.0
108 0 352.0
65 1 357.0
109 0 359.6
110 0 367.2
50 1 367.4
111 0 375.1
48 1 377.0
112 0 382.8
49 1 383.3
113 0 392.5
66 1 395.3
114 0 398.8
67 1 401.8
125 0 406.6
44 1 414.5
115 0 417.3
81 1 424.2
124 0 425.2
116 0 436.3
41 1 437.3
118 0 443.5
119 0 449.9
83 1 451.1
120 0 456.1
84 1 457.6
121 0 462.2
85 1 464.8
133 1 473.6
122 0 477.2
58 1 481.8
59 1 488.4
123 0 492.7
60 1 495.5
61 1 504.4
117 0 507.4
86 1 524.9
29 0 526.3
38 1 536.7
88 0 536.8
32 0 551.8
87 1 557.0
33 0 558.7
87 0 569.4
62 1 570.7
