2 0 35.5
29 2 39.3
11 1 39.8
3 0 44.1
28 2 48.2
8 1 48.4
4 0 52.4
27 2 57.3
12 1 57.8
5 0 60.8
13 1 64.6
6 0 69.5
25 2 70.0
14 1 71.3
7 0 78.1
15 1 78.5
26 2 79.6
16 1 85.0
8 0 86.1
130 1 91.3
1 2 92.4
9 0 93.6
131 1 97.5
10 0 101.2
3 2 104.6
17 1 107.9
11 0 111.2
4 2 114.5
129 1 115.5
5 2 124.2
6 2 134.3
18 1 141.9
7 2 144.3
132 0 144.3
19 1 149.1
20 1 155.8
133 0 156.8
21 1 161.6
45 0 166.4
22 1 171.5
46 0 173.7
127 1 178.0
47 0 181.4
128 1 184.4
100 2 185.2
48 0 191.8
23 1 195.4
81 2 197.1
24 1 201.9
82 2 206.2
49 0 208.6
37 1 210.8
108 2 215.2
50 0 216.5
38 1 220.1
83 2 226.2
52 0 226.6
34 1 232.6
53 0 234.4
84 2 234.9
32 1 241.7
54 0 242.9
85 2 243.4
31 1 248.2
55 0 251.1
107 2 252.7
56 0 259.8
122 1 264.5
134 2 264.6
115 0 268.2
121 1 274.0
57 0 279.4
62 2 284.9
119 1 285.5
58 0 287.8
118 1 292.2
63 2 293.9
59 0 296.2
64 2 302.9
60 0 304.8
52 1 307.8
61 0 313.4
65 2 314.2
53 1 314.6
66 0 321.4
54 1 322.0
67 0 329.1
55 1 329.1
56 1 336.8
68 0 337.0
135 2 338.4
69 0 345.0
87 2 349.1
70 0 352.3
88 2 358.0
62 1 358.6
113 0 359.4
63 1 365.3
114 0 366.0
89 2 367.4
64 1 372.2
71 0 378.5
90 2 379.0
65 1 380.6
112 0 387.6
91 2 396.1
135 1 401.5
92 2 405.9
74 0 412.7
93 2 415.9
76 0 422.0
80 0 440.2
105 2 447.3
109 0 452.8
78 2 472.0
79 2 481.1
123 1 494.0
110 2 497.8
39 0 505.5
111 2 506.6
74 1 521.5
125 0 522.6
75 1 527.9
42 0 534.9
110 1 539.6
43 0 541.5
111 1 546.1
74 2 546.4
124 0 549.4
75 2 555.0
78 1 559.1
109 1 568.9
80 1 579.5
101 1 590.7
97 2 591.9
102 1 597.1
110 0 601.0
103 1 603.8
111 0 608.3
106 2 615.5
104 1 615.9
39 1 643.8
104 0 647.1
109 2 650.3
102 0 657.9
101 0 665.5
98 0 677.0
116 2 677.2
117 2 686.0
97 0 688.0
123 2 696.5
95 0 702.7
94 0 710.4
106 0 722.6
39 2 726.9
42 2 746.2
43 2 754.5
105 0 761.6
124 2 763.9
123 0 787.7
