2 0 30.7
11 1 34.6
3 0 39.2
8 1 43.3
4 0 47.7
12 1 52.6
5 0 56.1
13 1 59.5
6 0 64.7
14 1 66.2
7 0 73.2
132 1 80.6
133 1 94.3
45 1 102.7
46 1 109.0
47 1 116.3
57 0 125.0
48 1 125.9
58 0 133.5
49 1 139.2
59 0 141.8
50 1 146.3
60 0 150.4
52 1 155.9
61 0 159.1
53 1 162.4
62 0 167.5
54 1 170.6
63 0 174.9
55 1 177.8
64 0 182.6
56 1 185.1
65 0 192.8
66 0 210.5
109 1 213.3
67 0 218.0
80 1 223.7
68 0 226.0
69 0 234.0
101 1 235.0
70 0 241.3
102 1 241.6
103 1 248.2
113 0 248.4
114 0 255.1
105 1 255.6
104 1 265.1
71 0 268.0
116 1 275.7
112 0 276.8
117 1 282.0
72 0 289.3
123 1 290.0
73 0 297.8
118 1 300.0
74 0 305.4
119 1 306.6
75 0 312.4
120 1 313.6
122 1 320.9
76 0 324.0
34 1 330.7
110 0 331.6
35 1 336.9
111 0 338.6
36 1 344.6
77 0 351.7
37 1 351.8
78 0 359.2
38 1 366.0
79 0 366.7
39 1 378.7
81 0 379.1
40 1 385.2
82 0 386.6
108 0 393.9
41 1 395.7
42 1 402.4
83 0 403.7
84 0 410.5
124 1 411.0
85 0 417.1
121 1 423.3
107 0 425.5
134 0 436.4
32 1 437.4
31 1 444.0
135 0 447.0
126 1 453.6
87 0 456.8
29 1 463.2
88 0 464.1
28 1 469.7
89 0 472.0
27 1 476.3
90 0 482.6
25 1 486.4
26 1 493.6
91 0 500.5
92 0 508.7
127 1 517.0
93 0 517.2
128 1 523.5
106 0 526.3
20 1 536.0
94 0 538.1
21 1 542.3
95 0 545.7
96 0 553.2
18 1 553.8
97 0 560.5
129 1 564.4
98 0 576.2
130 1 577.1
131 1 583.1
99 0 584.1
100 0 592.0
15 1 593.4
