64 3 60.1
68 0 62.0
37 1 63.5
63 3 65.8
3 2 67.5
36 1 70.3
69 0 74.9
4 2 76.9
35 1 77.1
70 0 82.5
87 1 87.2
5 2 90.3
1 0 93.7
33 1 96.8
6 2 99.4
3 0 104.4
7 2 108.9
4 0 112.2
8 2 118.1
5 0 119.9
120 1 121.4
27 3 123.5
9 2 126.9
121 1 127.3
6 0 127.7
26 3 130.5
10 2 135.7
7 0 135.9
104 1 136.9
25 3 140.2
132 2 144.6
8 0 148.4
97 1 152.4
131 3 154.2
10 0 159.0
98 1 161.3
56 2 163.3
11 0 166.9
18 3 168.4
55 2 172.1
12 0 174.5
19 3 175.4
106 1 180.1
20 3 181.9
13 0 182.4
53 2 183.3
107 1 186.6
21 3 191.1
126 1 193.9
133 2 198.4
22 3 198.8
127 1 200.7
113 0 203.9
89 3 206.1
128 1 207.8
58 2 208.8
90 3 213.1
112 0 213.8
59 2 217.1
91 3 220.4
92 3 228.3
125 0 228.8
62 2 230.5
123 1 233.8
93 3 236.1
31 2 243.4
94 3 244.0
95 3 251.3
15 2 256.6
96 3 258.0
16 2 264.9
31 0 267.3
99 3 270.8
40 1 271.9
29 0 277.4
117 2 277.6
100 3 278.3
82 1 278.7
101 3 285.4
41 1 287.2
88 0 287.6
124 2 291.7
102 3 292.6
42 1 294.0
78 1 300.9
103 3 302.7
110 2 309.8
76 1 309.9
75 1 316.6
109 2 318.7
80 1 326.0
50 0 326.1
108 2 327.8
130 3 333.7
73 1 335.3
72 1 341.9
66 0 344.6
122 2 346.8
71 1 348.7
67 0 351.1
23 3 353.9
44 1 360.2
118 2 361.3
48 0 364.6
81 1 369.7
49 0 371.2
88 3 378.9
79 1 388.0
83 1 403.4
84 2 404.0
60 3 408.3
86 1 411.9
