102 0 27.5
61 1 34.6
103 0 37.4
58 1 43.2
100 0 47.0
57 1 50.0
133 1 56.9
95 0 60.8
85 1 65.1
96 0 67.5
97 0 74.9
83 1 78.6
98 0 84.8
38 1 87.0
79 1 96.0
93 0 101.1
78 1 105.4
92 0 108.8
76 1 118.3
130 0 121.0
75 1 125.1
90 0 132.2
80 1 134.8
89 0 139.1
73 1 144.0
21 0 149.8
72 1 150.8
71 1 157.5
20 0 160.0
18 0 168.8
69 1 171.9
70 1 179.3
131 0 183.5
3 1 194.1
25 0 197.6
4 1 201.5
23 0 207.9
5 1 209.2
6 1 216.5
7 1 224.3
26 0 225.4
8 1 231.7
27 0 232.2
9 1 238.8
28 0 239.1
10 1 246.0
88 0 247.1
29 0 257.0
56 1 260.6
30 0 264.0
55 1 267.3
32 0 270.4
62 1 280.2
12 0 286.9
31 1 291.0
11 0 294.4
14 1 300.5
132 0 305.4
15 1 307.6
16 1 314.2
117 1 324.9
124 0 338.8
33 1 345.8
34 1 352.4
125 0 353.5
87 1 360.4
113 0 363.3
35 1 370.3
112 0 373.6
36 1 377.1
110 0 384.8
40 1 389.5
109 0 392.4
82 1 396.4
108 0 400.0
41 1 405.4
126 0 411.4
43 1 415.2
127 0 418.4
81 1 422.5
128 0 425.6
44 1 432.7
129 0 435.1
46 1 441.9
66 1 448.6
106 0 450.1
67 1 455.3
104 0 459.5
47 1 465.6
48 1 472.3
49 1 478.8
122 0 479.8
50 1 490.0
120 0 490.0
51 1 497.3
123 0 500.1
65 1 505.3
118 0 509.9
52 1 515.2
