121 0 34.2
132 1 35.3
120 0 40.3
11 1 45.0
118 0 48.9
12 1 52.3
13 1 59.9
123 0 63.9
14 1 67.0
15 1 74.3
122 0 79.3
16 1 80.9
117 1 92.1
104 0 94.2
124 1 104.1
100 0 104.7
101 0 111.8
125 1 116.9
102 0 119.2
113 1 126.0
103 0 129.6
112 1 135.0
110 1 144.9
95 0 148.8
109 1 152.4
96 0 155.4
108 1 159.5
97 0 162.5
126 1 169.6
98 0 172.2
127 1 176.5
128 1 183.5
93 0 188.4
92 0 196.1
120 1 206.7
130 0 207.9
118 1 214.9
90 0 219.1
89 0 226.2
123 1 227.5
21 0 237.0
122 1 240.6
20 0 246.8
104 1 253.1
18 0 255.8
100 1 262.4
101 1 269.3
131 0 270.6
102 1 276.7
25 0 284.4
103 1 286.0
23 0 294.6
95 1 301.9
96 1 308.6
26 0 311.6
97 1 315.5
27 0 318.5
98 1 324.8
28 0 325.7
88 0 333.4
93 1 338.2
29 0 343.4
92 1 345.9
30 0 350.4
32 0 357.1
90 1 361.0
62 0 364.5
89 1 368.1
58 0 375.0
21 1 377.8
59 0 381.6
20 1 387.7
60 0 389.2
18 1 396.0
61 0 399.1
131 1 409.1
133 0 413.5
25 1 420.9
85 0 422.6
23 1 430.3
86 0 432.9
83 0 442.4
26 1 444.5
38 0 450.8
27 1 451.3
28 1 458.4
79 0 460.6
88 1 466.0
78 0 471.1
29 1 475.7
30 1 482.3
76 0 486.5
62 1 491.7
75 0 493.0
58 1 501.2
80 0 503.9
59 1 508.1
73 0 514.4
60 1 515.6
72 0 521.1
61 1 524.4
71 0 528.2
85 1 542.3
69 0 545.8
86 1 551.6
70 0 553.3
83 1 560.5
1 0 564.8
38 1 568.7
3 0 575.5
79 1 578.2
4 0 583.5
78 1 587.6
5 0 591.2
6 0 598.8
76 1 600.6
7 0 607.0
75 1 607.5
8 0 615.3
73 1 622.0
9 0 622.5
72 1 628.9
10 0 630.0
71 1 635.6
56 0 647.0
69 1 650.3
55 0 654.0
70 1 657.6
53 0 664.9
3 1 673.1
63 0 674.6
4 1 680.6
64 0 680.8
5 1 688.0
6 1 695.8
65 0 697.1
7 1 703.3
50 0 708.7
8 1 710.9
9 1 717.7
48 0 720.2
49 0 726.9
56 1 734.9
66 0 741.2
55 1 741.9
67 0 747.6
53 1 751.7
63 1 760.1
44 0 762.1
64 1 766.3
81 0 773.0
65 1 779.6
41 0 787.9
50 1 790.0
82 0 797.7
49 1 801.7
48 1 808.7
36 0 814.2
66 1 818.7
35 0 821.1
67 1 825.4
87 0 832.8
44 1 838.8
33 0 843.9
81 1 849.0
31 0 857.0
41 1 862.6
12 0 868.4
11 0 876.1
