87 0 20.7
65 1 23.8
33 0 30.7
50 1 34.2
31 0 42.7
48 1 43.6
49 1 49.8
12 0 53.6
11 0 61.2
66 1 61.5
67 1 68.0
132 0 72.0
44 1 80.5
81 1 90.0
14 0 92.5
15 0 99.3
41 1 102.5
16 0 106.1
82 1 111.1
117 0 118.2
38 1 120.9
36 1 129.5
124 0 132.1
35 1 136.2
125 0 146.1
87 1 146.2
113 0 155.6
33 1 155.8
112 0 165.4
31 1 166.3
12 1 176.1
110 0 176.4
11 1 183.5
109 0 184.0
108 0 191.7
132 1 193.2
126 0 202.7
14 1 209.9
127 0 209.9
128 0 216.7
15 1 216.8
16 1 223.5
129 0 225.8
117 1 234.3
106 0 240.6
124 1 246.1
122 0 256.5
120 0 266.4
62 1 270.4
123 0 276.1
58 1 279.7
118 0 285.9
59 1 286.5
60 1 293.5
61 1 302.5
131 0 306.2
133 1 314.8
17 0 317.6
85 1 323.2
18 0 324.7
19 0 331.6
86 1 332.5
20 0 338.2
83 1 341.2
21 0 347.5
79 1 353.3
22 0 355.1
78 1 362.5
23 0 362.8
24 0 370.2
25 0 377.1
76 1 380.6
75 1 387.4
26 0 392.1
80 1 396.8
27 0 399.0
28 0 406.0
73 1 406.1
72 1 412.9
29 0 413.1
71 1 419.6
88 0 429.0
69 1 441.8
70 1 449.1
89 0 454.6
90 0 461.6
3 1 463.8
91 0 469.1
4 1 471.3
130 0 477.1
5 1 478.7
6 1 486.3
92 0 488.6
7 1 493.9
93 0 496.2
8 1 501.5
94 0 504.1
9 1 508.7
95 0 511.6
96 0 518.4
56 1 525.3
97 0 525.8
55 1 532.4
98 0 535.5
53 1 542.1
99 0 550.9
63 1 556.0
100 0 558.6
64 1 562.0
101 0 565.7
102 0 573.0
103 0 583.3
29 1 586.9
88 1 596.5
104 0 599.1
27 1 605.6
26 1 612.5
23 1 622.2
89 1 631.5
90 1 638.6
62 0 639.0
91 1 645.7
58 0 649.2
130 1 653.6
59 0 656.1
60 0 663.4
92 1 663.9
93 1 671.1
61 0 673.2
94 1 678.7
95 1 685.9
133 0 688.0
96 1 692.8
85 0 697.1
97 1 699.9
86 0 707.7
98 1 709.2
83 0 717.2
99 1 722.5
100 1 729.8
79 0 731.5
101 1 736.6
78 0 742.0
102 1 744.2
103 1 753.7
76 0 764.4
104 1 767.2
75 0 771.3
105 1 773.9
80 0 781.9
120 1 783.4
