2 0 27.2
11 1 30.9
29 2 32.2
3 0 35.8
8 1 39.5
28 2 41.2
4 0 44.2
12 1 49.0
27 2 50.2
5 0 52.6
13 1 55.7
6 0 61.1
14 1 62.5
25 2 62.9
15 1 69.7
7 0 69.8
26 2 72.6
16 1 76.1
8 0 77.8
130 1 82.6
9 0 85.4
1 2 85.4
131 1 88.6
10 0 92.7
3 2 97.5
17 1 98.9
11 0 102.5
129 1 106.4
4 2 107.4
5 2 117.1
12 0 119.7
6 2 127.1
13 0 128.4
20 1 134.0
14 0 135.4
7 2 137.2
21 1 140.0
132 0 142.9
22 1 149.8
23 1 156.5
133 0 159.6
24 1 163.1
45 0 169.3
37 1 172.1
46 0 176.5
100 2 178.0
34 1 184.0
47 0 184.1
81 2 189.8
32 1 192.9
48 0 194.8
82 2 198.8
31 1 199.6
108 2 207.5
49 0 211.5
122 1 215.8
83 2 218.3
50 0 219.3
119 1 225.4
84 2 226.9
52 0 229.6
118 1 232.1
85 2 235.4
53 0 237.1
116 1 241.2
107 2 244.8
54 0 245.9
51 1 249.5
55 0 254.1
104 1 256.4
134 2 256.7
56 0 262.6
102 1 265.4
115 0 270.8
101 1 272.0
62 2 276.8
57 0 282.1
63 2 286.0
109 1 288.8
58 0 290.5
64 2 294.9
59 0 299.0
65 2 306.2
60 0 307.3
105 1 312.3
61 0 316.1
66 0 328.0
123 1 332.8
67 0 333.6
87 2 334.6
68 0 339.9
88 2 343.2
69 0 347.4
121 1 349.0
89 2 352.6
70 0 355.0
42 1 356.9
113 0 361.8
43 1 363.0
90 2 364.0
114 0 368.4
124 1 370.0
71 0 381.0
91 2 381.1
125 1 384.1
112 0 389.6
92 2 391.0
39 1 392.6
93 2 401.0
72 0 401.9
38 1 405.2
73 0 410.5
106 2 411.2
74 0 417.8
127 1 421.4
94 2 423.5
75 0 424.5
128 1 427.5
95 2 432.6
76 0 436.2
96 2 441.9
110 0 443.3
97 2 450.6
111 0 450.8
132 1 455.9
77 0 463.4
98 2 466.0
133 1 469.0
78 0 470.9
45 1 477.2
79 0 478.6
46 1 483.7
105 2 487.2
47 1 490.4
48 1 499.3
109 0 507.4
49 1 513.0
47 2 516.3
80 0 519.4
52 1 524.2
81 0 527.2
48 2 527.8
53 1 531.0
82 0 534.5
54 1 538.5
108 0 541.8
55 1 545.7
132 2 548.0
83 0 551.2
56 1 553.0
84 0 558.0
124 2 559.9
85 0 564.7
57 1 565.3
42 2 571.1
58 1 572.5
107 0 573.0
59 1 579.8
134 0 583.5
125 2 584.1
60 1 587.2
61 1 594.8
39 2 594.8
62 1 602.0
36 2 607.7
63 0 608.0
65 1 615.0
64 0 615.3
37 2 617.0
65 0 625.0
66 1 628.6
20 2 632.4
67 1 635.5
21 2 641.0
68 1 642.3
69 1 649.4
135 0 651.4
70 1 655.8
127 2 655.8
87 0 661.2
113 1 662.3
128 2 664.5
114 1 668.2
88 0 668.4
89 0 676.1
71 1 678.7
112 1 686.1
90 0 686.6
38 2 690.5
72 1 696.4
73 1 703.9
91 0 704.0
34 2 705.7
74 1 710.5
92 0 712.4
75 1 716.5
32 2 717.2
93 0 721.0
76 1 726.2
31 2 726.3
106 0 729.5
110 1 732.8
111 1 739.0
94 0 741.4
122 2 746.1
95 0 748.8
77 1 749.8
78 1 756.4
96 0 756.6
121 2 758.1
97 0 763.5
81 1 768.9
119 2 772.7
82 1 775.5
98 0 778.8
118 2 781.9
83 1 785.5
99 0 787.0
84 1 791.9
100 0 794.3
123 2 794.4
85 1 797.9
107 1 804.9
116 2 806.7
101 0 810.8
134 1 814.0
102 0 818.1
52 2 820.2
135 1 823.0
103 0 825.5
53 2 829.5
87 1 831.3
105 0 833.7
88 1 837.6
54 2 839.4
89 1 844.5
104 0 844.5
55 2 849.0
90 1 853.4
116 0 857.4
56 2 859.1
117 0 864.6
91 1 867.2
115 2 868.6
123 0 873.3
92 1 874.4
57 2 880.9
93 1 882.0
118 0 884.9
106 1 889.6
58 2 890.7
119 0 892.5
94 1 899.4
120 0 900.1
59 2 900.4
95 1 906.1
121 0 907.1
60 2 910.4
96 1 912.9
42 0 916.3
97 1 919.2
124 0 926.8
69 2 931.2
98 1 931.6
70 2 940.5
125 0 944.1
113 2 949.1
39 0 953.9
114 2 957.4
36 0 965.9
71 2 970.6
38 0 974.2
112 2 980.5
37 0 985.6
72 2 993.6
127 0 998.8
73 2 1003.5
128 0 1005.8
74 2 1012.5
20 0 1020.6
75 2 1021.1
21 0 1027.6
76 2 1033.4
110 2 1042.2
24 0 1045.4
111 2 1051.1
77 2 1064.4
34 0 1066.0
32 0 1076.6
78 2 1078.2
31 0 1084.0
79 2 1087.2
109 2 1097.1
122 0 1104.7
