57 3 59.1
1 2 59.9
81 1 61.2
39 0 61.7
58 3 65.7
38 0 68.1
2 2 68.1
59 3 72.4
3 2 77.5
60 3 79.7
41 1 84.3
79 0 86.6
4 2 86.7
61 3 89.2
5 2 95.9
78 1 97.4
133 3 103.7
6 2 105.0
76 1 106.2
40 0 107.8
75 1 113.0
7 2 114.5
73 1 127.1
8 3 128.6
72 1 133.9
11 2 135.7
9 3 135.8
71 1 140.7
10 3 143.3
12 2 144.7
69 1 150.4
132 3 150.7
13 2 154.1
70 1 157.7
89 0 163.2
118 2 168.8
90 0 170.4
3 1 172.4
119 2 177.0
91 0 177.6
4 1 179.9
92 0 185.6
123 2 186.3
5 1 187.2
93 0 193.3
6 1 194.8
120 2 197.2
27 3 197.5
94 0 201.3
7 1 202.5
26 3 204.4
121 2 204.8
95 0 208.5
56 1 209.6
25 3 214.3
122 2 214.3
96 0 215.1
55 1 216.7
97 0 225.1
131 3 228.3
104 2 229.1
62 1 229.3
99 2 237.5
31 1 246.1
101 0 247.0
98 2 252.8
102 0 254.4
21 3 254.8
14 1 255.2
15 1 262.1
23 3 263.6
103 0 264.7
16 1 268.6
117 1 279.5
116 1 287.1
106 0 290.1
107 0 296.3
29 2 296.9
126 0 303.7
88 2 308.1
127 0 310.9
128 0 317.7
130 1 323.1
33 2 325.2
129 0 326.9
34 2 333.6
108 0 343.1
87 2 343.2
109 0 350.9
110 0 358.4
111 0 366.2
112 0 373.8
44 2 374.4
53 1 375.5
45 2 382.8
113 0 383.6
50 1 387.8
114 0 389.8
68 2 391.7
125 0 397.3
48 1 400.7
46 2 402.4
49 1 406.8
115 0 408.0
66 2 410.8
124 0 415.6
67 2 419.1
65 1 423.1
63 1 434.8
64 1 440.9
63 2 442.1
88 0 450.7
83 1 458.9
