57 0 30.6
45 1 31.0
44 1 37.8
58 0 42.4
59 0 49.1
81 1 51.4
60 0 61.8
41 1 63.7
61 0 71.3
82 1 72.4
38 1 82.2
36 1 90.7
35 1 97.6
8 0 100.4
9 0 107.6
87 1 107.6
10 0 115.0
33 1 117.3
11 0 122.8
31 1 128.6
12 0 130.3
13 0 138.2
131 1 144.0
14 0 145.5
15 0 152.4
17 1 154.1
16 0 159.2
18 1 161.5
19 1 168.3
117 0 171.5
21 1 179.0
124 0 185.9
22 1 186.3
23 1 194.0
125 0 199.8
24 1 201.0
25 1 208.2
113 0 209.4
112 0 219.3
26 1 221.0
27 1 227.7
110 0 230.5
28 1 234.5
109 0 238.2
88 1 242.1
108 0 245.9
29 1 251.6
126 0 257.2
62 1 262.5
127 0 264.3
128 0 271.2
58 1 271.9
59 1 278.6
129 0 280.7
133 1 289.6
106 0 295.8
85 1 298.2
104 0 305.1
86 1 307.5
83 1 316.2
93 0 319.7
92 0 327.3
79 1 328.4
78 1 337.9
90 0 338.7
89 0 345.8
76 1 350.6
75 1 357.4
130 0 365.9
80 1 366.9
73 1 376.4
72 1 383.1
95 0 387.7
71 1 389.9
96 0 394.5
97 0 401.8
69 1 404.0
70 1 411.3
98 0 411.5
3 1 426.2
100 0 430.4
4 1 433.5
101 0 437.4
5 1 441.2
102 0 444.7
6 1 448.6
103 0 454.9
7 1 456.3
56 1 463.9
55 1 470.8
53 1 480.7
122 0 481.2
63 1 489.1
120 0 491.2
64 1 495.2
123 0 500.9
65 1 508.6
118 0 511.0
50 1 519.1
48 1 528.7
49 1 534.8
132 0 539.6
66 1 547.3
67 1 553.7
