22 0 41.4
13 1 41.7
81 2 45.7
12 1 49.3
21 0 49.9
11 1 56.4
41 2 60.0
89 0 62.5
90 0 68.0
15 1 68.2
82 2 70.5
16 1 74.6
91 0 74.9
83 2 82.2
92 0 82.9
117 1 85.4
84 2 90.2
93 0 90.4
124 1 97.7
94 0 98.5
85 2 99.1
95 0 105.8
125 1 110.2
96 0 112.7
86 2 115.0
113 1 119.1
97 0 119.8
112 1 128.4
38 2 128.9
98 0 129.6
110 1 138.4
36 2 139.6
99 0 145.5
109 1 145.7
35 2 148.3
100 0 153.1
108 1 153.3
101 0 160.0
79 2 166.9
102 0 167.5
122 1 169.5
103 0 177.7
78 2 178.5
118 1 182.0
76 2 193.4
104 0 193.7
31 1 196.9
105 0 200.6
75 2 201.8
29 1 206.3
106 0 207.4
80 2 213.2
107 0 213.7
88 1 216.1
126 0 221.1
73 2 224.2
127 0 228.2
32 1 228.8
72 2 232.6
128 0 234.9
33 1 235.6
71 2 241.1
34 1 242.3
129 0 244.3
87 1 250.2
69 2 257.5
62 1 264.0
70 2 266.5
120 0 266.9
58 1 273.5
123 0 276.9
59 1 280.2
3 2 283.4
60 1 287.6
4 2 292.7
61 1 296.6
5 2 301.8
133 1 309.2
6 2 311.0
130 0 315.9
7 2 320.6
8 1 324.5
56 2 329.5
9 1 331.9
23 0 335.8
55 2 338.3
24 0 343.5
53 2 349.6
26 0 350.7
27 0 357.5
63 2 359.8
17 1 360.3
28 0 364.5
18 1 367.5
64 2 367.7
19 1 374.0
25 0 379.9
21 1 381.6
65 2 382.9
22 1 388.9
131 0 394.4
50 2 395.4
25 1 405.1
48 2 406.8
18 0 408.6
49 2 414.7
20 0 417.9
131 1 420.6
66 2 428.6
67 2 436.6
