63 1 42.1
124 2 42.9
64 1 48.0
48 0 50.0
49 0 56.0
125 2 56.8
65 1 60.9
113 2 67.5
50 1 73.7
112 2 78.4
66 1 82.4
133 0 83.4
67 1 88.8
110 2 90.1
58 0 92.8
109 2 99.1
59 0 99.4
44 1 101.3
108 2 108.4
81 1 110.7
62 0 112.2
126 2 120.2
41 1 123.2
31 0 124.8
127 2 128.9
83 1 136.7
128 2 137.4
84 1 143.2
131 0 143.5
129 2 147.9
85 1 150.4
17 0 154.5
18 0 161.8
106 2 162.8
60 1 166.3
19 0 168.7
104 2 178.7
21 0 180.3
22 0 187.8
86 1 190.7
93 2 193.0
23 0 195.5
92 2 201.9
38 1 202.6
24 0 203.1
26 0 210.1
36 1 211.1
90 2 213.9
27 0 217.1
35 1 218.0
89 2 222.5
28 0 225.7
79 1 234.2
33 0 240.6
130 2 241.7
78 1 243.5
34 0 247.3
87 0 255.3
76 1 261.7
95 2 262.0
75 1 268.3
96 2 270.3
80 1 277.7
97 2 279.0
88 0 279.3
73 1 287.1
98 2 289.8
72 1 293.7
25 0 297.6
71 1 300.6
100 2 307.8
101 2 316.4
69 1 323.2
103 2 330.0
70 1 330.3
3 1 345.1
118 0 347.9
4 1 352.5
116 2 357.9
123 0 358.3
5 1 360.1
6 1 367.6
7 1 375.4
122 2 380.5
56 1 382.5
12 0 383.5
55 1 389.5
11 0 391.2
53 1 398.9
132 0 402.1
12 2 406.3
9 0 414.4
11 2 415.4
