37 0 63.7
48 1 66.7
66 2 68.3
15 3 68.8
36 0 70.3
16 3 75.4
67 2 76.6
35 0 77.3
117 3 87.6
44 1 87.8
87 0 88.5
43 2 94.2
81 1 97.7
33 0 99.0
124 3 101.6
78 2 105.2
31 0 110.8
76 1 113.5
125 3 115.3
79 2 116.5
75 1 120.2
36 2 127.8
14 0 128.0
113 3 129.4
80 1 129.6
35 2 136.5
73 1 138.8
112 3 139.1
131 0 140.9
72 1 145.6
110 3 150.0
71 1 152.5
109 3 157.5
27 2 158.2
108 3 165.2
69 1 166.5
26 2 166.6
18 0 167.9
70 1 173.7
19 0 174.8
126 3 176.5
20 0 181.4
127 3 183.5
3 1 188.3
128 3 190.3
21 0 190.6
4 1 195.6
22 0 198.2
88 2 199.3
129 3 199.5
5 1 203.1
23 0 205.8
6 1 210.7
24 0 213.2
106 3 214.3
62 2 216.5
7 1 218.2
25 0 220.1
104 3 223.7
8 1 225.9
58 2 227.7
9 1 232.8
59 2 236.1
10 1 240.7
89 0 241.8
97 3 242.2
133 2 248.8
90 0 249.0
98 3 251.8
91 0 256.3
85 2 259.2
130 0 264.2
113 1 266.4
83 2 269.6
112 1 275.5
92 0 275.8
38 2 279.4
122 3 280.1
93 0 283.4
110 1 287.8
94 0 291.4
40 2 293.0
109 1 295.0
41 2 301.5
108 1 302.5
100 0 303.8
101 0 310.9
120 1 317.5
102 0 318.2
86 2 326.4
103 0 328.1
104 1 331.4
55 2 342.1
104 0 346.3
56 2 350.9
105 0 353.2
133 3 357.3
53 3 366.3
118 0 367.4
133 1 369.8
65 3 380.6
60 1 385.0
53 2 387.7
50 3 392.1
63 2 398.3
64 2 406.1
50 1 414.8
50 0 419.8
