2 0 36.3
29 2 40.3
11 1 40.8
28 2 49.3
27 2 58.3
8 0 66.3
9 0 73.8
38 2 78.1
100 1 82.8
12 0 88.3
81 1 92.1
34 2 93.3
13 0 96.1
82 1 98.7
14 0 103.9
32 2 104.9
83 1 108.7
133 0 111.0
31 2 114.0
84 1 115.1
45 0 120.8
85 1 121.1
46 0 128.0
107 1 128.0
122 2 133.7
47 0 135.6
134 1 137.3
119 2 146.0
48 0 146.1
62 1 154.1
118 2 155.1
63 1 160.7
49 0 162.9
116 2 166.9
64 1 167.4
50 0 170.8
65 1 176.2
51 2 177.3
52 0 181.4
104 2 187.0
53 0 188.7
135 1 196.9
54 0 197.6
102 2 198.6
87 1 205.1
55 0 205.8
101 2 207.6
88 1 211.5
56 0 214.4
89 1 218.2
115 0 222.7
90 1 227.2
109 2 227.9
57 0 234.0
91 1 241.0
58 0 242.3
92 1 248.2
59 0 250.8
105 2 255.8
93 1 255.9
60 0 259.3
106 1 263.7
61 0 268.0
94 1 273.3
66 0 276.0
95 1 279.9
123 2 280.0
67 0 283.7
96 1 286.6
68 0 291.5
97 1 293.1
121 2 299.3
69 0 299.4
98 1 305.5
70 0 306.8
42 2 309.9
113 0 313.6
43 2 318.4
114 0 320.3
124 2 327.8
71 0 333.2
132 2 339.7
112 0 341.8
17 1 341.8
129 1 349.3
15 2 351.6
72 0 354.2
18 1 359.5
16 2 360.6
73 0 362.8
19 1 367.0
130 2 369.1
74 0 369.8
20 1 373.4
75 0 376.8
131 2 377.8
21 1 379.7
76 0 388.4
22 1 389.5
110 0 395.6
127 1 395.9
128 1 402.2
111 0 402.8
125 2 406.4
23 1 413.0
77 0 415.5
39 2 417.2
37 1 419.4
78 0 423.0
79 0 430.7
24 1 433.2
25 1 440.6
26 2 449.2
3 1 453.9
4 1 461.2
3 2 462.3
109 0 464.6
5 1 468.7
4 2 472.1
6 1 475.9
80 0 476.8
5 2 481.9
81 0 484.7
6 2 491.6
82 0 492.1
108 0 499.2
7 2 501.8
83 0 508.7
130 1 509.1
8 2 511.2
131 1 515.1
84 0 515.4
9 2 520.5
85 0 522.2
132 1 530.1
107 0 530.1
12 2 535.2
124 1 539.1
134 0 541.1
13 2 544.5
42 1 547.9
133 2 556.0
125 1 557.9
62 0 562.2
39 1 566.0
45 2 567.1
63 0 569.9
46 2 575.9
64 0 577.2
38 1 578.9
47 2 585.0
65 0 587.1
34 1 591.1
48 2 596.7
32 1 600.1
31 1 606.6
49 2 613.1
135 0 613.4
122 1 623.0
87 0 623.0
52 2 627.3
88 0 630.2
121 1 632.2
53 2 636.5
89 0 638.1
119 1 643.8
54 2 646.5
90 0 648.4
118 1 650.7
55 2 656.1
123 1 660.9
91 0 665.9
56 2 666.0
116 1 670.6
92 0 674.2
115 2 675.7
52 1 681.0
93 0 682.9
57 2 687.8
53 1 688.0
106 0 691.5
54 1 695.4
58 2 697.7
55 1 702.5
94 0 703.2
59 2 707.4
56 1 710.0
95 0 710.9
60 2 717.3
96 0 718.5
57 1 722.2
97 0 725.4
61 2 727.4
58 1 729.3
59 1 736.8
62 2 737.1
98 0 740.8
60 1 744.1
63 2 746.0
99 0 748.9
64 2 755.3
100 0 756.3
69 1 761.7
65 2 766.2
70 1 768.3
101 0 772.6
113 1 774.5
102 0 780.1
114 1 780.6
66 2 783.1
103 0 787.7
71 1 790.9
67 2 792.2
105 0 795.6
112 1 798.4
68 2 801.5
104 0 806.7
72 1 808.7
69 2 811.0
73 1 816.2
116 0 819.3
70 2 820.0
74 1 822.7
117 0 826.5
113 2 828.7
75 1 828.8
123 0 835.3
114 2 837.1
76 1 838.8
110 1 845.2
118 0 846.9
71 2 850.0
111 1 851.5
119 0 854.5
112 2 860.1
120 0 862.3
77 1 862.4
121 0 869.0
78 1 873.1
72 2 873.3
42 0 878.2
79 1 879.9
73 2 883.0
43 0 885.0
109 1 887.1
74 2 892.0
132 0 892.9
75 2 900.5
124 0 910.3
105 1 910.9
76 2 913.1
110 2 921.8
125 0 927.9
111 2 930.6
45 1 931.4
39 0 937.7
46 1 937.8
77 2 944.1
47 1 944.7
36 0 949.7
78 2 953.0
48 1 953.6
38 0 957.8
81 2 968.5
37 0 969.2
82 2 977.5
24 0 979.7
108 2 986.3
25 0 988.3
26 0 996.3
83 2 997.1
84 2 1005.6
85 2 1014.1
107 2 1023.6
134 2 1035.4
15 0 1038.3
16 0 1046.0
135 2 1046.9
130 0 1052.9
87 2 1057.4
131 0 1059.7
88 2 1066.2
17 0 1072.0
89 2 1075.7
129 0 1080.9
90 2 1087.3
18 0 1093.3
19 0 1101.7
91 2 1104.5
20 0 1108.9
92 2 1114.4
21 0 1115.9
93 2 1124.4
22 0 1127.4
106 2 1134.6
127 0 1134.6
128 0 1141.6
94 2 1147.0
95 2 1156.1
96 2 1165.4
34 0 1167.9
97 2 1173.9
32 0 1178.4
31 0 1185.9
98 2 1189.4
122 0 1206.4
17 2 1239.0
129 2 1249.1
18 2 1262.2
19 2 1272.3
20 2 1281.0
21 2 1289.7
22 2 1302.1
127 2 1310.9
128 2 1319.7
