24 1 35.7
45 2 36.3
78 0 36.7
23 1 42.7
44 2 44.8
26 1 57.3
27 1 64.1
41 2 64.3
28 1 70.9
88 1 78.4
38 2 80.0
8 0 80.5
29 1 87.5
9 0 87.7
36 2 90.6
30 1 94.3
10 0 95.1
35 2 99.2
11 0 103.1
12 0 113.4
62 2 114.9
13 0 121.0
89 1 123.4
58 2 126.0
90 1 130.3
59 2 134.3
91 1 137.5
17 0 140.8
92 1 145.1
133 2 147.0
18 0 147.9
93 1 152.6
19 0 154.9
94 1 160.1
86 2 162.1
20 0 165.6
83 2 172.8
21 0 174.9
130 1 175.9
22 0 182.4
79 2 186.8
76 2 198.2
25 0 201.9
99 1 201.9
75 2 206.7
100 1 209.2
101 1 216.0
80 2 218.0
131 0 220.9
102 1 223.2
73 2 229.0
103 1 232.3
117 0 236.3
72 2 237.6
71 2 246.1
124 0 250.1
46 2 259.2
112 1 264.1
47 2 267.6
110 0 268.8
113 1 273.1
48 2 275.7
109 0 276.5
114 1 279.4
49 2 283.7
108 0 284.0
125 1 286.7
126 0 295.3
66 2 297.5
127 0 302.3
67 2 305.7
128 0 309.2
33 1 313.2
129 0 318.4
34 1 319.7
106 0 333.2
60 1 339.5
104 0 342.4
61 1 348.6
97 0 361.2
133 1 362.9
31 2 366.2
98 0 371.1
55 1 371.6
56 1 378.4
118 2 384.5
119 2 392.6
132 1 395.2
120 0 398.7
6 1 411.8
5 1 419.4
4 1 426.7
3 1 434.4
53 2 436.2
6 0 442.0
1 1 443.9
63 2 446.6
5 0 449.9
70 1 453.7
64 2 454.3
4 0 458.9
69 1 461.2
3 0 466.7
123 1 513.5
65 0 517.1
