122 3 63.8
20 1 63.8
57 0 67.2
124 2 71.6
18 1 72.2
58 0 73.9
59 0 80.6
131 1 84.6
60 0 87.6
118 3 88.5
61 0 97.4
123 2 102.8
125 3 105.6
21 1 108.0
113 3 119.3
22 1 120.6
89 1 127.8
38 0 128.9
112 3 129.1
90 1 134.6
79 0 138.6
110 3 140.1
91 1 141.8
109 3 147.6
78 0 148.7
108 3 155.2
50 2 156.2
43 0 159.2
102 1 163.9
126 3 166.4
48 2 167.7
41 0 170.2
103 1 173.1
127 3 173.5
49 2 175.6
82 0 179.5
128 3 180.4
66 2 189.4
129 3 189.6
67 2 197.6
130 1 198.0
106 3 204.3
44 2 212.4
104 3 213.7
23 1 214.2
12 0 220.6
24 1 221.5
81 2 223.7
93 3 227.7
11 0 228.2
26 1 228.6
92 3 235.4
27 1 235.5
41 2 238.3
28 1 242.3
132 0 247.0
88 1 249.8
82 2 252.9
9 0 257.2
95 3 257.3
29 1 258.9
96 3 264.0
8 0 264.4
30 1 265.8
78 2 267.7
97 3 271.3
33 1 274.4
56 0 275.2
76 2 278.4
34 1 280.7
98 3 281.1
55 0 282.4
75 2 286.7
87 1 288.8
53 0 292.6
80 2 298.1
35 1 298.3
100 3 299.7
63 0 301.7
36 1 305.2
101 3 306.8
64 0 307.8
73 2 309.2
37 1 312.2
72 2 317.5
79 1 319.5
65 0 323.6
71 2 326.1
38 1 334.1
50 0 335.1
39 1 340.0
83 1 346.8
12 3 346.9
68 0 351.0
84 1 353.1
11 3 354.4
69 0 358.9
54 1 364.4
62 2 364.7
132 3 365.4
70 0 366.5
9 3 375.6
31 2 377.5
1 0 377.6
8 3 382.8
3 0 388.3
14 2 388.5
4 0 396.1
15 2 396.9
104 1 399.8
5 0 403.9
16 2 405.2
6 0 411.7
25 2 419.5
95 1 427.5
