102 0 34.2
58 1 45.4
103 0 51.4
57 1 52.1
133 1 59.0
100 0 61.2
85 1 67.4
104 0 71.2
86 1 76.5
105 0 78.1
83 1 85.2
122 0 89.7
38 1 93.2
120 0 99.9
79 1 102.3
123 0 109.9
78 1 111.8
118 0 119.8
76 1 124.6
117 0 129.2
75 1 131.3
80 1 140.9
12 0 143.1
73 1 150.3
11 0 150.5
72 1 157.1
132 0 161.7
71 1 163.9
9 0 172.1
69 1 178.2
8 0 179.3
70 1 185.7
3 1 200.3
4 1 207.7
61 0 208.7
5 1 215.4
6 1 222.8
7 1 230.6
56 1 238.1
55 1 245.1
53 1 254.8
15 0 260.4
63 1 263.4
16 0 267.0
64 1 269.6
65 1 282.9
124 0 289.4
50 1 293.4
48 1 303.1
125 0 303.7
49 1 309.2
113 0 313.5
66 1 321.2
112 0 323.4
67 1 327.8
110 0 334.5
44 1 340.4
109 0 342.2
108 0 349.8
81 1 350.4
126 0 361.1
41 1 363.0
127 0 368.3
128 0 375.4
36 1 381.2
129 0 384.9
35 1 388.0
87 1 398.1
106 0 399.9
33 1 407.8
31 1 418.9
93 0 419.4
92 0 426.9
131 1 434.5
90 0 438.4
17 1 444.9
89 0 445.4
18 1 452.1
19 1 458.9
130 0 465.6
21 1 469.5
22 1 476.7
23 1 484.4
95 0 487.5
24 1 491.5
96 0 494.3
25 1 498.8
97 0 501.6
26 1 511.6
98 0 511.7
27 1 518.4
28 1 525.1
29 1 537.2
62 1 548.1
