80 1 59.7
130 3 61.2
128 2 62.3
3 0 65.8
73 1 69.2
129 2 73.0
4 0 73.5
72 1 76.0
23 3 81.3
5 0 81.3
71 1 82.7
126 2 83.3
24 3 88.9
6 0 89.1
69 1 92.5
106 2 94.0
26 3 96.1
7 0 97.2
70 1 99.9
27 3 103.0
104 2 104.4
8 0 105.1
28 3 110.0
9 0 112.4
93 2 118.8
10 0 119.8
46 1 123.8
132 0 127.0
92 2 127.7
47 1 130.6
85 3 135.7
48 1 136.9
11 0 137.6
90 2 139.6
49 1 143.3
12 0 145.1
89 2 148.3
53 3 151.4
13 0 153.0
66 1 154.9
63 3 160.5
67 1 161.5
64 3 166.8
130 2 167.3
44 1 174.0
113 0 174.8
65 3 182.0
81 1 183.3
112 0 184.6
95 2 187.7
50 3 193.5
41 1 195.7
96 2 196.0
125 0 199.7
97 2 204.8
83 1 209.6
98 2 215.6
84 1 215.8
86 1 222.9
3 3 223.8
31 0 225.4
4 3 231.6
100 2 233.7
38 1 235.0
29 0 235.5
5 3 239.5
101 2 242.2
36 1 243.5
88 0 245.8
6 3 247.3
35 1 250.3
102 2 251.1
7 3 255.4
32 0 260.9
103 2 262.2
56 3 262.7
79 1 266.6
33 0 267.6
55 3 269.9
34 0 274.3
78 1 276.0
87 0 282.4
122 2 285.8
76 1 288.5
75 1 295.3
120 2 296.9
62 0 298.8
25 3 306.7
123 2 307.5
58 0 309.0
59 0 315.8
118 2 318.5
131 3 320.7
60 0 323.0
133 1 327.0
117 2 328.7
61 0 332.6
18 3 335.0
58 1 335.1
19 3 341.9
15 2 344.1
133 0 347.1
61 1 347.9
20 3 348.5
16 2 352.2
21 3 357.6
14 1 371.3
124 2 372.7
18 1 384.9
110 2 390.7
19 1 391.8
109 2 399.7
108 2 408.8
