2 0 26.2
29 2 28.7
11 1 28.8
3 0 34.9
8 1 37.4
28 2 37.8
4 0 43.3
27 2 46.8
12 1 47.0
5 0 51.7
13 1 53.9
25 2 59.6
6 0 60.2
14 1 60.8
15 1 67.9
7 0 69.0
26 2 69.3
16 1 74.4
8 0 77.1
130 1 80.8
9 0 84.7
131 1 86.9
3 2 87.7
10 0 92.1
17 1 97.5
4 2 97.6
11 0 102.3
5 2 107.5
18 1 114.0
6 2 117.3
19 1 121.5
7 2 127.6
20 1 128.2
132 0 129.4
21 1 134.5
22 1 144.1
133 0 145.9
23 1 150.9
45 0 155.8
24 1 157.7
46 0 162.9
37 1 166.9
100 2 168.7
47 0 170.8
34 1 178.7
81 2 180.5
48 0 181.4
32 1 187.9
82 2 189.4
31 1 194.4
49 0 198.3
108 2 198.5
50 0 206.3
83 2 209.5
122 1 211.0
52 0 216.4
84 2 218.0
119 1 220.7
53 0 224.2
85 2 226.4
118 1 227.4
54 0 233.0
107 2 236.3
116 1 236.5
55 0 241.2
51 1 245.0
134 2 248.1
56 0 249.7
104 1 251.8
115 0 258.2
102 1 260.8
101 1 267.6
62 2 268.2
57 0 269.5
63 2 277.3
58 0 277.9
109 1 284.5
59 0 286.5
64 2 286.8
60 0 294.9
65 2 297.8
61 0 303.8
105 1 308.7
66 0 311.7
67 0 319.5
135 2 322.2
68 0 327.4
123 1 329.2
87 2 333.2
69 0 335.1
88 2 342.0
70 0 342.7
121 1 345.6
113 0 349.7
89 2 351.5
42 1 353.5
114 0 356.7
43 1 359.6
90 2 363.1
124 1 367.0
71 0 368.9
112 0 377.8
91 2 380.3
125 1 381.5
39 1 390.0
92 2 390.0
72 0 390.1
73 0 398.7
93 2 400.0
38 1 402.9
74 0 405.8
106 2 410.4
75 0 412.9
127 1 419.1
94 2 423.0
76 0 424.6
128 1 425.6
110 0 431.8
95 2 432.0
96 2 441.3
77 0 447.5
97 2 450.1
78 0 455.1
79 0 462.7
98 2 465.8
