8 1 17.7
73 0 18.8
9 1 23.9
72 0 26.0
42 2 30.6
11 1 31.6
12 1 39.1
43 2 39.1
44 2 47.7
36 1 55.9
52 0 57.2
29 2 62.3
37 1 62.6
53 0 64.9
38 1 69.6
30 2 71.3
54 0 72.4
39 1 76.6
55 0 80.1
20 2 82.2
76 1 86.9
56 0 87.7
22 2 96.6
58 0 98.8
45 1 104.4
23 2 105.9
59 0 106.4
46 1 111.3
24 2 114.9
25 2 124.0
69 1 125.2
68 1 132.0
26 2 133.1
67 1 138.9
27 2 142.4
99 1 151.2
104 2 151.2
98 1 158.7
103 2 160.1
110 0 165.6
100 1 168.7
102 2 168.9
109 0 172.7
101 1 175.2
108 0 179.9
64 2 182.2
63 2 190.8
105 0 192.0
96 1 194.1
62 2 199.3
16 0 201.6
93 1 205.3
17 0 208.3
94 1 212.6
66 2 213.8
18 0 214.9
19 0 222.4
91 1 231.1
34 0 233.5
50 2 239.3
33 0 241.2
88 1 241.5
49 2 247.8
87 1 248.5
86 1 255.4
48 2 256.7
47 2 265.3
29 0 273.7
77 1 277.7
30 0 281.3
78 1 284.5
20 0 291.3
79 1 291.4
13 2 301.1
22 0 305.5
14 2 310.2
23 0 313.2
5 1 314.3
15 2 319.4
24 0 320.9
4 1 321.4
25 0 328.5
3 1 328.8
17 2 330.2
2 1 336.0
26 0 336.3
18 2 338.4
1 1 343.3
27 0 343.9
34 2 352.9
104 0 357.1
33 2 361.8
103 0 364.3
81 1 365.3
102 0 371.8
82 1 372.2
83 1 379.4
110 2 383.9
84 1 386.4
47 0 387.1
109 2 392.7
48 0 394.2
108 2 401.2
49 0 401.5
50 0 408.7
105 2 414.1
110 1 419.1
62 0 425.3
109 1 426.1
63 0 432.3
108 1 432.8
64 0 439.5
99 0 472.5
98 0 480.1
100 0 491.3
101 0 497.6
96 0 520.9
93 0 533.9
94 0 541.5
91 0 576.2
88 0 588.1
87 0 595.1
86 0 602.3
84 0 617.3
83 0 624.5
82 0 631.8
81 0 639.1
5 0 653.4
4 0 660.8
3 0 668.4
2 0 675.9
1 0 683.3
13 0 729.6
14 0 738.9
