112 0 25.4
110 0 36.0
109 0 43.6
108 0 51.3
126 0 63.0
127 0 70.1
128 0 77.8
129 0 87.8
106 0 103.0
120 0 116.0
118 0 125.1
123 0 140.4
122 0 156.4
104 0 171.1
100 0 182.0
101 0 189.0
102 0 196.8
103 0 207.4
95 0 228.4
96 0 235.1
97 0 242.7
98 0 252.8
93 0 269.7
92 0 277.2
130 0 289.7
90 0 300.9
89 0 307.9
21 0 319.1
20 0 329.5
18 0 338.9
131 0 354.2
25 0 368.8
23 0 379.6
26 0 397.1
27 0 403.8
28 0 411.1
88 0 418.9
29 0 429.8
30 0 436.6
32 0 443.5
62 0 451.3
58 0 462.1
59 0 469.0
60 0 476.8
61 0 487.0
133 0 502.3
85 0 511.9
86 0 522.5
83 0 532.6
38 0 541.9
79 0 551.8
78 0 562.8
76 0 578.3
75 0 585.1
80 0 595.9
73 0 606.7
72 0 613.4
71 0 620.4
69 0 637.9
70 0 645.6
1 0 657.1
3 0 668.1
4 0 675.9
5 0 683.8
6 0 691.5
7 0 699.7
8 0 708.0
9 0 715.1
10 0 722.5
56 0 740.5
55 0 747.6
53 0 758.5
63 0 768.4
64 0 774.5
65 0 791.1
50 0 803.4
48 0 814.5
49 0 820.7
66 0 835.2
67 0 841.7
44 0 857.4
81 0 868.7
41 0 883.9
82 0 893.9
36 0 910.8
35 0 918.0
87 0 929.2
33 0 940.6
31 0 953.1
12 0 964.8
11 0 972.2
132 0 983.8
14 0 1004.8
15 0 1012.3
117 0 1027.6
124 0 1042.6
125 0 1058.1
113 0 1068.3
