21.0	16.0	0.785398163397	0
21.0	16.0	0.785398163397	0
21.0	16.0	0.785398163397	0
21.0	16.0	0.785398163397	0
21.0	16.0	0.785398163397	0
21.0	16.0	0.785398163397	0
21.0	16.0	0.785398163397	0
21.0	16.0	0.785398163397	0
21.0	16.0	0.785398163397	0
21.0	16.0	0.785398163397	0
21.0	16.0	0.785398163397	0
21.0	16.0	0.785398163397	0
21.0	16.0	0.785398163397	0
21.0	16.0	0.785398163397	0
21.0	16.0	0.785398163397	0
21.0	16.0	0.785398163397	0
21.0	16.0	0.785398163397	0
21.0	16.0	0.785398163397	0
21.0	16.0	0.785398163397	0
21.0	16.0	0.785398163397	0
21.0	16.0	0.785398163397	0
21.0	16.0	0.785398163397	0
21.0	16.0	0.785398163397	0
21.0	16.0	0.785398163397	0
21.0	16.0	0.785398163397	0
21.0	16.0	0.785398163397	0
21.0	16.0	0.785398163397	0
21.0	16.0	0.785398163397	0
21.0	16.0	0.785398163397	0.0666666666667
21.0707106781	16.0707106781	0.942477796077	0.133333333333
21.1294892033	16.1516123776	1.09955742876	0.2
21.1748882533	16.24071303	1.25663706144	0.333333333333
21.2057899528	16.3358186816	1.41371669412	0.4
21.2214333993	16.4345875157	1.45479544243	0.533333333333
21.2330074897	16.5339154595	1.4167873093	0.6
21.2483475818	16.6327318629	1.42979075523	0.733333333333
21.2624014595	16.7317393804	1.41847676179	0.8
21.2775745842	16.8305815591	1.42275028432	0.933333333333
21.2923251674	16.9294876777	1.42172639965	1.0
21.3071770113	17.0283786415	1.42828228047	1.13333333333
21.3213802233	17.1273648465	1.43026705851	1.2
21.3351354016	17.2246008964	1.44171900989	1.33333333333
21.3471387813	17.3170775857	1.44535804913	1.4
21.3585963523	17.4079383185	1.4605364626	1.53333333333
21.3681864785	17.4945630533	1.46581923977	1.6
21.3771937531	17.5800499275	1.48290689846	1.73333333333
21.3843900451	17.6617179182	1.48949472419	1.8
21.3909851309	17.7426578771	1.50674899647	1.93333333333
21.3959529455	17.8201165314	1.51391451864	2.0
21.4003422054	17.8971978536	1.52968584496	2.13333333333
21.4035152951	17.9743388111	1.54545717127	2.2
21.4035152951	17.9743388111	1.67545717127	2.2
21.4035152951	17.9743388111	1.80545717127	2.2
21.4035152951	17.9743388111	1.93545717127	2.2
21.4035152951	17.9743388111	2.06545717127	2.2
21.4035152951	17.9743388111	2.19545717127	2.2
21.4035152951	17.9743388111	2.32545717127	2.2
21.4035152951	17.9743388111	2.45545717127	2.2
21.4035152951	17.9743388111	2.58545717127	2.2
21.4035152951	17.9743388111	2.71545717127	2.2
21.4035152951	17.9743388111	2.84545717127	2.2
21.4035152951	17.9743388111	2.97545717127	2.2
21.4035152951	17.9743388111	3.10545717127	2.2
21.4035152951	17.9743388111	-3.04772813591	2.2
21.4035152951	17.9743388111	-2.91772813591	2.2
21.4035152951	17.9743388111	-2.78772813591	2.2
21.4035152951	17.9743388111	-2.65772813591	2.2
21.4035152951	17.9743388111	-2.52772813591	2.2
21.4035152951	17.9743388111	-2.39772813591	2.2
21.4035152951	17.9743388111	-2.26772813591	2.2
21.4035152951	17.9743388111	-2.13772813591	2.2
21.4035152951	17.9743388111	-2.00772813591	2.2
21.4035152951	17.9743388111	-1.87772813591	2.2
21.4035152951	17.9743388111	-1.74772813591	2.2
21.4035152951	17.9743388111	-1.61772813591	2.2
21.4035152951	17.9743388111	-1.48772813591	2.2
21.4035152951	17.9743388111	-1.35772813591	2.2
21.4035152951	17.9743388111	-1.22772813591	2.2
21.4035152951	17.9743388111	-1.09772813591	2.2
21.4035152951	17.9743388111	-0.967728135908	2.2
21.4035152951	17.9743388111	-0.837728135908	2.2
21.4035152951	17.9743388111	-0.707728135908	2.2
21.4035152951	17.9743388111	-0.577728135908	2.2
21.4035152951	17.9743388111	-0.447728135908	2.2
21.4035152951	17.9743388111	-0.317728135908	2.2
21.4035152951	17.9743388111	-0.187728135908	2.2
21.4035152951	17.9743388111	-0.0577281359081	2.2
21.4035152951	17.9743388111	0.0722718640919	2.2
21.4035152951	17.9743388111	0.202271864092	2.2
21.4035152951	17.9743388111	0.332271864092	2.2
21.4035152951	17.9743388111	0.462271864092	2.2
21.4035152951	17.9743388111	0.592271864092	2.2
21.4035152951	17.9743388111	0.722271864092	2.2
21.4035152951	17.9743388111	0.852271864092	2.2
21.4035152951	17.9743388111	0.982271864092	2.2
21.4035152951	17.9743388111	1.11227186409	2.2
21.4035152951	17.9743388111	1.24227186409	2.2
21.4035152951	17.