0	0		0.0666666666667
0.0754023958577	5.85198281842		0.133333333333
0.162323966057	5.79097307673		0.2
0.239912378785	5.48238946869		0.266666666667
0.266958391547	5.58207005815		0.333333333333
0.329897734836	5.01213064595		0.4
0.379829748626	4.27412776923		0.466666666667
0.404012005178	4.289250287		0.533333333333
0.437469440164	3.38089488562		0.6
0.456983914592	2.37718001842		0.666666666667
0.479139852371	2.32754889135		0.733333333333
0.482122071829	1.22761176688		0.8
0.471143254338	0.331170228626		0.866666666667
0.491623804307	0.230507138559		0.933333333333
0.472963984401	-0.0158899339926		1.0
0.455671039201	-0.0934587501082		1.06666666667
0.476333332632	-0.171747203339		1.13333333333
0.459233094711	-0.128464229653		1.2
0.443599537431	-0.102519856412		1.26666666667
0.464726254692	-0.145372730504		1.33333333333
0.448909022189	-0.0862796793856		1.4
0.434387924213	-0.0536718314829		1.46666666667
0.455815623735	-0.0631174967795		1.53333333333
0.440861777606	-0.0238694490291		1.6
0.42713606712	0.00118366301579		1.66666666667
0.448713614716	0.0215720380395		1.73333333333
0.43442472006	0.0378475137173		1.8
0.4213044323	0.0534389754428		1.86666666667
0.442927968011	0.100092097905		1.93333333333
0.429184882379	0.0948863390035		2.0
0.416545207655	0.101017588225		2.06666666667
0.438149864206	0.170178389079		2.13333333333
0.424872166621	0.145499920267		2.2
0.412626666592	0.142398864164		2.26666666667
0.434178729826	0.229688246958		2.33333333333
0.421303926528	0.187665669074		2.4
0.409387347518	0.175613345483		2.46666666667
0.43087888887	0.275700577146		2.53333333333
0.418346811908	0.218850719413		2.6
0.368513533616	0.819009945812		2.66666666667
0.38905059839	0.957282347203		2.73333333333
0.38390932409	0.579777958008		2.8
0.376468580929	0.389723376084		2.86666666667
0.397840614174	0.497720600157		2.93333333333
0.38888531507	0.333682783346		3.0
0.380037076025	0.252685878842		3.06666666667
0.401596879512	0.344944598778		3.13333333333
0.391737230459	0.246130363708		3.2
0.382397576678	0.196247660028		3.26666666667
0.403980333544	0.273527061238		3.33333333333
0.393675174422	0.196738508967		3.4
0.384014241899	0.156396627492		3.46666666667
0.405569121728	0.216285114336		3.53333333333
0.394933708441	0.151993431004		3.6
0.385016833768	0.116701376183		3.66666666667
0.406520616732	0.157054407513		3.73333333333
0.395621799505	0.104907555005		3.8
0.385503512644	0.0747211620136		3.86666666667
0.406941213741	0.0944765319538		3.93333333333
0.395847818761	0.0558141256038		4.0
0.385585865347	0.0315995746156		4.06666666667
0.40694866574	0.0307667549615		4.13333333333
0.395734419904	0.00659913854614		4.2
0.385387421733	-0.0109377365093		4.26666666667
0.406673809634	-0.0314512396044		4.33333333333
0.395410525483	-0.0407900049093		4.4
0.385033013366	-0.0512402941677		4.46666666667
0.406249638815	-0.0897330853037		4.53333333333
0.395000157565	-0.0845027293754		4.6
0.384638211034	-0.0876884136352		4.66666666667
0.405799966373	-0.141652628572		4.73333333333
0.394612348611	-0.122605052436		4.8
0.384299948498	-0.118521801301		4.86666666667
0.405429135908	-0.184556591185		4.93333333333
0.394331657055	-0.152933021756		5.0
0.384087415612	-0.141766368112		5.06666666667
0.404900607602	-0.312804435112		5.13333333333
0.394150268131	-0.220795990951		5.2
0.384065310913	-0.179009378477		5.26666666667
0.405200505488	-0.255841410003		5.33333333333
0.394331742666	-0.192218837319		5.4
0.384229871143	-0.162390861288		5.46666666667
0	0		5.53333333333
0.0944610489819	5.05989690952		5.6
0.172068271445	4.84878522519		5.66666666667
0.236270108962	4.4577826295		5.73333333333
0.260434003699	4.51537300324		5.8
0.309108458105	3.95775590937		5.86666666667
0.3465528738	3.28064659516		5.93333333333
0.368351043945	3.30781246076		6.0
0.392545465802	2.50458257694		6.06666666667
0.40540751113	1.62696287823		6.13333333333
0.426700173396	1.59841431495		6.2
0.426062538847	0.63462783686		6.26666666667
0.4146183292	0.199808342684		6.33333333333
0.435327732634	0.1270286057		6.4
0.421301200852	-0.0179567039652		6.46666666667
0.408378197603	-0.0768350191608		6.53333333333
0.429186618046	-0.143929724741		6.6
0.415837591437	-0.124959746215		6.66666666667
0.403575784031	-0.115642796413		6.73333333333
0.424478661239	-0.176079316386		6.8
0.411619180998	-0.135281688829		6.86666666667
0.399740512922	-0.118450869639		6.93333333333
0.420654916411	-0.178250072487		7.0
0.408107426736	-0.137848016108		7.06666666667
0.387725967997	-0.0501553175938		7.13333333333
0.408647449407	-0.111460420909		7.2
0.330956950649	0.393742993827		7.26666666667
0.324402049487	0.105428048709		7.33333333333
0.345099505008	0.0288226762606		7.4
0.247551780177	0.777660110487		7.46666666667
0.255926035613	0.508474908953		7.53333333333
0.276177963643	0.411508238		7.6
0.221159571123	0.831102850812		7.66666666667
0.21223509782	0.234357095156		7.73333333333
0.232030471041	0.120874614954		7.8
0.199063318999	1.25540133129		7.86666666667
0.20283568687	-7.40944564624		7.93333333333
0.215578955592	-7.58721847353		8.0
0.228872289227	-8.28919760397		8.06666666667
0.241899999188	-9.28665991159		8.13333333333
0	0		8.2
-0.526069064575	-7.09678362147		8.26666666667
-0.372054673331	-4.52347681927		8.33333333333
-0.393085951222	-4.40389421848		8.4
-0.529282027536	0.565668326977		8.46666666667
-0.508661737748	0.796028094268		8.53333333333
-0.530071267721	0.827713251656		8.6
-0.261703227951	-0.179952939302		8.66666666667
-0.251669444304	0.253776206135		8.73333333333
-0.27295253982	0.275496533876		8.8
-0.268415516455	0.534632384633		8.86666666667
-0.265771983068	0.757775425729		8.93333333333
-0.286981478757	0.789862871564		9.0
-0.279829904944	1.13891778592		9.06666666667
-0.267159007141	1.63638073896		9.13333333333
-0.287594635833	1.72357738447		9.2
-0.26164191841	2.4266558689		9.26666666667
-0.228576619892	3.11078801438		9.33333333333
-0.245859336325	3.2892828664		9.4
-0.202331730015	3.97169722828		9.46666666667
-0.152528317634	4.58921792001		9.53333333333
-0.164476480703	4.84196421828		9.6
-0.105235357694	5.39856765157		9.66666666667
-0.0419345087241	5.84379735009		9.73333333333
-0.0471808897256	6.13994194926		9.8
0.0225514315356	6.46582138393		9.86666666667
0.0928931622334	6.64456546746		9.93333333333
0.0944535662714	6.94922807412		10.0
0.166660225204	6.96718284297		10.0666666667
0.235419301823	6.82336803284		10.1333333333
0.242721693153	7.1097870051		10.2
0.308255707134	6.79350258078		10.2666666667
0.36656841442	6.32742971571		10.3333333333
0.37784020059	6.58702442557		10.4
0.428526175906	5.97296812411		10.4666666667
0.469365623946	5.24853875845		10.5333333333
0.482600235084	5.50211366328		10.6
0.513164238528	4.69650228047		10.6666666667
0.533155259628	3.85008554923		10.7333333333
0.546210738773	4.17926396232		10.8
0	0		10.8666666667
0.160545675502	6.89264036492		10.9333333333
0.160963908226	7.19734369756		11.0
0.228827194934	7.07780860151		11.0666666667
0.292422938927	6.80814506472		11.1333333333
0.299411797446	7.09608885449		11.2
0.359828515896	6.66191499565		11.2666666667
0.412792639125	6.08308814293		11.3333333333
0.425668005274	6.32608644546		11.4
0.471444176822	5.58426318582		11.4666666667
0.507040252273	4.72049082797		11.5333333333
0.524541795504	4.89475727635		11.6
0.549431081545	3.88904782382		11.6666666667
0.562254564777	2.80001536121		11.7333333333
0.582669112099	2.88849154128		11.8
0.582218084443	1.69672906344		11.8666666667
0.568955129112	0.472826808333		11.9333333333
0.590284362397	0.466852055138		12.0
0.565281494655	0.0841018286407		12.0666666667
0.54136393221	-0.00112808263297		12.1333333333
0.56263777018	-0.0238730264684		12.2
0.53890684126	-0.0282390149667		12.2666666667
0.51707974528	-0.0293987631018		12.3333333333
0.538361591349	-0.0505596579453		12.4
0.516593290639	-0.0344086085871		12.4666666667
0.496564965302	-0.0296235882051		12.5333333333
0.517858629023	-0.0482004908855		12.6
0.497740351494	-0.0325045763273		12.6666666667
0.47922956502	-0.027362139737		12.7333333333
0.500533029922	-0.0434834547116		12.8
0.439947865865	0.17623017734		12.8666666667
0.388059661695	0.259833422074		12.9333333333
0.409346269686	0.239673695944		13.0
0.297890409228	0.651268328829		13.0666666667
0.299874287458	0.417272387506		13.1333333333
0.320950905384	0.370135401005		13.2
0.255639400473	0.684844440071		13.2666666667
0.190392218017	1.16979155226		13.3333333333
0.211004200518	1.09121065869		13.4
0.258100544879	-8.35949518032		13.4666666667
0.204545423311	-11.6092777403		13.5333333333
0	0		13.6
-0.576121883695	-9.47871013557		13.6666666667
-0.600147516241	1.62686706943		13.7333333333
-0.621470140309	1.63652249995		13.8
-0.42064202564	2.05728875286		13.8666666667
-0.292689847735	-0.405379012365		13.9333333333
-0.312760009851	-0.302066820797		14.0
-0.313363056286	2.14316707852		14.0666666667
-0.251236996785	2.48864168533		14.1333333333
-0.270230776288	2.62740256562		14.2
-0.239745033532	3.27394525421		14.2666666667
-0.174929416883	3.39474461486		14.3333333333
-0.189992011737	3.61056263504		14.4
-0.145617365773	4.20355589968		14.4666666667
-0.0959449155956	4.72294123596		14.5333333333
-0.105601894069	4.99469062452		14.6
-0.0478260129705	5.44029965454		14.6666666667
0.0128092361157	5.77273065457		14.7333333333
0.00950316636035	6.07381068796		14.8
0.0751775901113	6.28425509987		14.8666666667
0.140495512924	6.35325954678		14.9333333333
0.143863973029	6.6541984136		15.0
0.210213958642	6.56619651022		15.0666666667
0.272631628213	6.3244964208		15.1333333333
0.282344889834	6.59583612799		15.2
0.341351338978	6.18042260608		15.2666666667
0.39296227725	5.61769434624		15.3333333333
0.408069538662	5.83287427272		15.4
0.451951838028	5.100841971		15.4666666667
0.485555337204	4.24678788465		15.5333333333
0.504577794403	4.38474471998		15.6
0.526810063168	3.38709878464		15.6666666667
0.536863955917	2.30950825487		15.7333333333
0.557939558255	2.35673782281		15.8
0.554125326121	1.18014986598		15.8666666667
0.537157186445	0.278125360264		15.9333333333
0.558338389767	0.241794294791		16.0
0.53504390512	0.0206721889421		16.0666666667
0.513349498188	-0.0381241172001		16.1333333333
0.53445666406	-0.0823836946642		16.2
0.512862927161	-0.0662868575029		16.2666666667
0	0		16.3333333333
0.404700155441	3.6360530829		16.4
0.425521356767	2.93488613604		16.4666666667
0.438342947409	2.16138902135		16.5333333333
0.457772238029	2.30242650229		16.6
0.461838899229	1.43188283548		16.6666666667
0.456240351396	0.609470829974		16.7333333333
0.477589122823	0.669779596788		16.8
0.463080082504	0.289211131855		16.8666666667
0.448023255386	0.145829567913		16.9333333333
0.469568386838	0.178522397154		17.0
0.453702911355	0.0948326150482		17.0666666667
0.438977120236	0.060544349215		17.1333333333
0.460469254279	0.0808539791819		17.2
0.44513356964	0.0471818618976		17.2666666667
0.430977194476	0.0302320766963		17.3333333333
0.452391448363	0.0371434323829		17.4
0.437594874206	0.0165297606414		17.4666666667
0.423949809534	0.00314040681471		17.5333333333
0.445284820957	-0.00611740365164		17.6
0.430971544614	-0.0174916082858		17.6666666667
0.417779842518	-0.02837731313		17.7333333333
0.439035044309	-0.0560093816175		17.8
0.425162951071	-0.0569075051846		17.8666666667
0.412380981381	-0.0643081228137		17.9333333333
0.433555132537	-0.111613125597		18.0
0.420099697515	-0.100410415893		18.0666666667
0.407697363072	-0.103143475717		18.1333333333
0.428791521828	-0.170427381826		18.2
0.415741939512	-0.145872990337		18.2666666667
0.403699567713	-0.142848767946		18.3333333333
0.424721197692	-0.229280623826		18.4
0.412073559309	-0.190626261455		18.4666666667
0.40037689798	-0.180894365714		18.5333333333
0.421343709924	-0.284295593658		18.6
0.40909109462	-0.231410008793		18.6666666667
0.397723958486	-0.214242258479		18.7333333333
0.418665770129	-0.330926036674		18.8
0.406785826918	-0.264513693579		18.8666666667
0.395721131744	-0.239596208175		18.9333333333
0.416677549066	-0.364435977518		19.0
0.405121137198	-0.286311158936		19.0666666667
0.394313460041	-0.254008308478		19.1333333333
0.415326179364	-0.380871562238		19.2
0.404013594359	-0.294120003503		19.2666666667
0.393398076064	-0.255666979192		19.3333333333
0.414499758548	-0.378174630331		19.4
0.403329850264	-0.286999425525		19.4666666667
0.392830274521	-0.244450096467		19.5333333333
0.414035153622	-0.35680783801		19.6
0.402905406563	-0.265990238305		19.6666666667
0.392448582501	-0.221866760226		19.7333333333
0.413749616862	-0.319440907743		19.8
0.402577413541	-0.233592767292		19.8666666667
0.392106513582	-0.19037837558		19.9333333333
0.413479605961	-0.269823650743		20.0
0.402214483184	-0.192753167605		20.0666666667
0.391695350769	-0.152458708366		20.1333333333
0.41310692456	-0.211420716212		20.2
0.401730867571	-0.145845717378		20.2666666667
0.391150684915	-0.109794149723		20.3333333333
0.412564093551	-0.146331329118		20.4
0.401084264542	-0.0939606361659		20.4666666667
0.390446079891	-0.0627797440884		20.5333333333
0.411824130886	-0.0746261660579		20.6
0.400264707552	-0.0364779398894		20.6666666667
0.389581992785	-0.010196037619		20.7333333333
0.410884538827	0.00612799178765		20.8
0.3992830114	0.0293213242007		20.8666666667
0.388577386988	0.0511947469217		20.9333333333
0.409752617884	0.101564462925		21.0
0.398165146671	0.10894929952		21.0666666667
0.387470300062	0.127447009489		21.1333333333
0.408434984068	0.221904415445		21.2
0.396959091355	0.212075025786		21.2666666667
0.3863371628	0.228916657262		21.3333333333
0.406932615929	0.384400565514		21.4
0.395769042289	0.3546684044		21.4666666667
0.385356805377	0.372175704729		21.5333333333
0.405253980424	0.615836217436		21.6
0.394864345489	0.559869451408		21.6666666667
0.384995259284	0.578378078147		21.7333333333
0	0		21.8
0.0297607690263	-5.19361974627		21.8666666667
0.0909089135915	-5.3564088592		21.9333333333
0.151321934798	-5.37229904073		22.0
0.161382482696	-5.64104385068		22.0666666667
0.221295258606	-5.4827445528		22.1333333333
0.276504821365	-5.17143966859		22.2
0.291886240941	-5.38261859598		22.2666666667
0.341675665396	-4.89043764119		22.3333333333
0.38322050577	-4.26068587668		22.4
0.402417156507	-4.39362725673		22.4666666667
0.434193816987	-3.60057081713		22.5333333333
0.455100832795	-2.70523174423		22.6
0.476233612768	-2.7469223484		22.6666666667
0.484149818456	-1.72791910624		22.7333333333
0.479855712863	-0.657594410175		22.8
0.500855998327	-0.603953271652		22.8666666667
0.483234513031	-0.133879554292		22.9333333333
0.465327725546	0.0267683101194		23.0
0.485994078402	0.102378711575		23.0666666667
0.467883944048	0.109565542734		23.1333333333
0.451285301508	0.11152140789		23.2
0.47205918077	0.180857989425		23.2666666667
0.455310632598	0.132584716568		23.3333333333
0.439887794242	0.113237615498		23.4
0.460803575963	0.173239632674		23.4666666667
0.445071151127	0.123117115672		23.5333333333
0.430571581797	0.102214085598		23.6
0.451719267264	0.044840017464		23.6666666667
0.436694117964	0.0629304185005		23.7333333333
0.422900128487	0.0696248246673		23.8
0.444021902238	0.112438575835		23.8666666667
0.429716958642	0.086235285523		23.9333333333
0.41655410057	0.0743404249548		24.0
0.437731243834	0.111151343547		24.0666666667
0.423978823926	0.0806460359131		24.1333333333
0.411316026605	0.0667076113503		24.2
0.432538693486	0.0977096572437		24.2666666667
0.41922628939	0.0701981894348		24.3333333333
0.40696928954	0.0574260286823		24.4
0.428225401529	0.0833332975278		24.4666666667
0.415272786908	0.0598059998491		24.5333333333
0.403349060621	0.0487219955306		24.6
0.424628952631	0.0702802088873		24.6666666667
0.411973535609	0.0504777434529		24.7333333333
0.400325223346	0.0410317027831		24.8
0.421621786643	0.0589174103963		24.8666666667
0.40921318013	0.0423615084068		24.9333333333
0.397793460208	0.0343817687797		25.0
0.419101611175	0.0491853361924		25.0666666667
0.406898742745	0.0353988021247		25.1333333333
0.395669423065	0.0286963149733		25.2
0.416985576717	0.0409246241196		25.2666666667
0.404954719999	0.0294780752028		25.3333333333
0.393884458079	0.0238731113833		25.4
0.415206109754	0.0339572569673		25.4666666667
0.403319416026	0.0244764083418		25.5333333333
0.392382357335	0.0198060913602		25.6
0.41370776975	0.028110214544		25.6666666667
0.40194213786	0.0202734680417		25.7333333333
0.391116859268	0.0163936623297		25.8
0.412444834548	0.0232236912297		25.8666666667
0.400781027994	0.0167571846356		25.9333333333
0	0		26.0
-0.07358196373	5.5900733126		26.0666666667
-0.0741450005978	5.89576916521		26.1333333333
0.000453906980824	6.27833364218		26.2
0.00417526376133	6.58048914948		26.2666666667
0.0832589628969	6.77941586306		26.3333333333
0.160743225561	6.79070782501		26.4
0.17194659289	7.05419489219		26.4666666667
0.247738243488	6.84592374026		26.5333333333
0.316931162561	6.44612506781		26.6
0.33399822701	6.63658276991		26.6666666667
0.395265823042	6.0145860567		26.7333333333
0.445591994767	5.22624765046		26.8
0.466235013927	5.32139566892		26.8666666667
0.503390330029	4.34214583822		26.9333333333
0.52664906735	3.24739893355		27.0
0.548320212592	3.23883245984		27.0666666667
0.554984287462	2.01293165991		27.1333333333
0.546660580557	0.740306818369		27.2
0.566934882879	0.632595864307		27.2666666667
0.543053279417	0.0339761007619		27.3333333333
0.519269983471	-0.117694834153		27.4
0.538903926774	-0.244928178485		27.4666666667
0.515895834572	-0.191211515012		27.5333333333
0.494777997824	-0.17508694627		27.6
0.514766320148	-0.287505582773		27.6666666667
0.494183552526	-0.195636568289		27.7333333333
0.475197309101	-0.16389152188		27.8
0.495587157883	-0.257254173076		27.8666666667
0.476828957043	-0.173210215559		27.9333333333
0.459529808523	-0.140609082205		28.0
0.480266447144	-0.213829727575		28.0666666667
0.462939728051	-0.142707593679		28.1333333333
0.446975871976	-0.112290841842		28.2
0.467986083985	-0.165312772584		28.2666666667
0.451784850519	-0.108073897199		28.3333333333
0.436872513926	-0.0813216665485		28.4
0.458081802305	-0.114818158127		28.4666666667
0.442767906726	-0.0716288039983		28.5333333333
0.428683298386	-0.0495142727909		28.6
0.449884358719	-0.172871769805		28.6666666667
0.435410001873	-0.0813850164962		28.7333333333
0.422007469197	-0.0386355806331		28.8
0.443424378201	-0.0379900342462		28.8666666667
0.429389281578	-0.0095640548121		28.9333333333
0.416480839817	0.00686684016809		29.0
0.437929910739	0.0223017439218		29.0666666667
0.424352566831	0.0285322634464		29.1333333333
0.411866256784	0.0350060715648		29.2
0.433319033606	0.0614315944251		29.2666666667
0.420128412898	0.0548329131073		29.3333333333
0.407989409864	0.054875964824		29.4
0.429430973098	0.0885386539449		29.4666666667
0.41656145736	0.0725456140956		29.5333333333
0.404707906972	0.0672629161444		29.6
0.426132386185	0.103982572226		29.6666666667
0.413525878848	0.0811256861123		29.7333333333
0.40190553699	0.071303667483		29.8
0.423312409193	0.1064251308		29.8666666667
0.410915795042	0.0793648194534		29.9333333333
0.399483089347	0.0659129866909		30.0
0.420872853096	0.0943626216014		30.0666666667
0.408638097728	0.0660764622224		30.1333333333
0.397353434585	0.050097011815		30.2
0.418723094101	0.0664414582661		30.2666666667
0.406610472876	0.0402021064359		30.3333333333
0.395441782777	0.0229532396543		30.4
0.416780655433	0.0214001373785		30.4666666667
0.404764707329	0.000706138260833		30.5333333333
0.393690937939	-0.0164622157019		30.6
0.414976952032	-0.0421455714942		30.6666666667
0.403054979496	-0.0536032476684		30.7333333333
0.392071527233	-0.0692779081351		30.8
0.41326789126	-0.125872542107		30.8666666667
0.401471731696	-0.124132023411		30.9333333333
0.390598479022	-0.136739131183		31.0
0.411651322264	-0.231492074011		31.0666666667
0.400063672074	-0.212054632337		31.1333333333
0.389356451365	-0.21950014337		31.2
0.410197588117	-0.359347073199		31.2666666667
0.398970956382	-0.316689434729		31.3333333333
0.38853386805	-0.315594561861		31.4
0.409101166348	-0.504847553827		31.4666666667
0.398462412173	-0.431945127619		31.5333333333
0.388444733677	-0.416658392603		31.6
0.40873909685	-0.652599339527		31.6666666667
0.398928041808	-0.541595432257		31.7333333333
0	0		31.8
0.124684852239	5.08126255559		31.8666666667
0.133915156758	5.35602129561		31.9333333333
0.192461152381	5.26549910415		32.0
0.204586538092	5.51624742601		32.0666666667
0.261029403971	5.24826784592		32.1333333333
0.311617052633	4.83192555941		32.2
0.328572964219	5.01687352419		32.2666666667
0.372274718438	4.42434109205		32.3333333333
0.406851121917	3.70551845639		32.4
0.426977796614	3.80656206868		32.4666666667
0.450652088329	2.93665335172		32.5333333333
0.462980372626	1.98120787018		32.6
0.484307671284	1.9884562772		32.6666666667
0.482995950819	0.927737917716		32.7333333333
0.469252124132	0.267358254361		32.8
0.490042639762	0.199046885979		32.8666666667
0.471718463694	-0.00339071306427		32.9333333333
0.454674025626	-0.0753976181566		33.0
0.475367009122	-0.149506673405		33.0666666667
0.458213458364	-0.12576775893		33.1333333333
0.442461690113	-0.11596402865		33.2
0.463289618207	-0.181908535922		33.2666666667
0.447296000823	-0.131642718748		33.3333333333
0.432560374938	-0.110828278518		33.4
0.453522780612	-0.167412439192		33.4666666667
0.438404444266	-0.119169114836		33.5333333333
0.424470150958	-0.09847842673		33.6
0.445537445415	-0.146458472253		33.6666666667
0.42201083709	-0.0417530672915		33.7333333333
0.378610328692	0.151038743029		33.8
0.399737100919	0.108731300853		33.8666666667
0.352837908486	0.277398614479		33.9333333333
0.302828490704	0.42128136983		34.0
0.323825190499	0.367354532026		34.0666666667
0.271980106737	0.650522677084		34.1333333333
0.266106540972	0.184424100271		34.2
0.28661099083	0.10029755913		34.2666666667
0.290709097394	0.111244164554		34.3333333333
0.163265775982	1.39515564684		34.4
0.183641073527	1.30485189518		34.4666666667
0.213023625172	1.04477068607		34.5333333333
0.157888043411	-8.8382023288		34.6
0.167535036532	-9.05516765883		34.6666666667
0.181863064204	-10.2132814468		34.7333333333
0	0		34.8
-0.58896317248	-9.09011955237		34.8666666667
-0.58184731622	2.23636593757		34.9333333333
-0.382565938568	2.43863876421		35.0
-0.403295682471	2.51062066222		35.0666666667
-0.276229401557	2.42741833166		35.1333333333
-0.238880299021	3.16081309077		35.2
-0.257038402956	3.32078398899		35.2666666667
-0.195086817449	3.48458130473		35.3333333333
-0.145689029351	3.59805212956		35.4
-0.159498051592	3.8303529619		35.4666666667
-0.113553783215	4.37109863169		35.5333333333
-0.0629135997522	4.83074650056		35.6
-0.0710218169879	5.11263804301		35.6666666667
-0.0149610392935	5.50006872566		35.7333333333
0.0407998531757	5.63573849811		35.8
0.0391861297414	5.93962724245		35.8666666667
0.102382608796	6.08968773902		35.9333333333
0.164755666189	6.10035455994		36.0
0.16979439905	6.39649375855		36.0666666667
0.232551422024	6.2498785142		36.1333333333
0.290949972883	5.95420887034		36.2
0.302147935759	6.21361035514		36.2666666667
0.356496001298	5.74707846613		36.3333333333
0.403132326877	5.14063984903		36.4
0.419393385141	5.33791159533		36.4666666667
0.457764958895	4.56842514374		36.5333333333
0.485717331636	3.68684907926		36.6
0.505449739608	3.80268075406		36.6666666667
0.521687466377	2.7869689308		36.7333333333
0.525834129405	1.703122657		36.8
0.547106341509	1.72617584892		36.8666666667
0.537306005728	0.555306100859		36.9333333333
0.516850759486	0.120919047191		37.0
0.537984509963	0.0793289632955		37.0666666667
0.516084217352	-0.0207474827596		37.1333333333
0.495915804348	-0.0500327995723		37.2
0.51703213743	-0.0933907974146		37.2666666667
0.49685363149	-0.070464893389		37.3333333333
0.478291976884	-0.0628589084673		37.4
0.499455204258	-0.101268405174		37.4666666667
0.480736381876	-0.070134962976		37.5333333333
0.463507226886	-0.059042620399		37.6
0.484713427915	-0.0922646595777		37.6666666667
0.467203716234	-0.0639097329187		37.7333333333
0	0		37.8
0.237169007847	4.8294743819		37.8666666667
0.237701990788	5.2009555944		37.9333333333
0.277780512524	5.0015414287		38.0
0.282847324631	5.34393402305		38.0666666667
0.32450142769	5.01304924		38.1333333333
0.362234369048	4.56684076489		38.2
0.374898969172	4.84058631867		38.2666666667
0.409300649411	4.2437381797		38.3333333333
0.436455976403	3.53755132092		38.4
0.454613460027	3.71748383939		38.4666666667
0.473740149323	2.86677686004		38.5333333333
0.482953978614	1.93394360261		38.6
0.504032797252	2.00348891798		38.6666666667
0.50145311738	0.957407499621		38.7333333333
0.487044519113	0.301900901979		38.8
0.508367108157	0.274285580491		38.8666666667
0.489212266851	0.0484957239864		38.9333333333
0.471139216095	-0.0331282722168		39.0
0.492096608689	-0.0901699203298		39.0666666667
0.473667814117	-0.0928935374153		39.1333333333
0.456664720185	-0.100158746246		39.2
0.477418491826	-0.172215190536		39.2666666667
0.4601125478	-0.138199670049		39.3333333333
